# Created by Octave 5.2.0, Sat Jun 19 09:09:21 2021 UTC <root@0x05>
# name: H
# type: complex matrix
# rows: 13
# columns: 13
 (1,0) (1,0) (1,0) (1,0) (1,0) (1,0) (1,0) (1,0) (1,0) (1,0) (1,0) (1,0) (1,0)
 (1,0) (-0.71274094919477504,0.70142735856318805) (-0.71274094919477504,-0.70142735856318805) (0.9714532782162395,-0.23723095970577182) (0.9714532782162395,0.23723095970577182) (-0.3758285529571273,-0.92668921369688539) (-0.3758285529571273,0.92668921369688539) (0.65658080032372934,-0.75425569447386409) (0.65658080032372934,0.75425569447386409) (-0.33531775323299101,0.94210509199705472) (-0.33531775323299101,-0.94210509199705472) (-0.77925868735996662,-0.6267024000065915) (-0.77925868735996662,0.6267024000065915)
 (1,0) (-0.71274094919477504,-0.70142735856318805) (-0.71274094919477504,0.70142735856318805) (0.9714532782162395,0.23723095970577182) (0.9714532782162395,-0.23723095970577182) (-0.3758285529571273,0.92668921369688539) (-0.3758285529571273,-0.92668921369688539) (0.65658080032372934,0.75425569447386409) (0.65658080032372934,-0.75425569447386409) (-0.33531775323299101,-0.94210509199705472) (-0.33531775323299101,0.94210509199705472) (-0.77925868735996662,0.6267024000065915) (-0.77925868735996662,-0.6267024000065915)
 (1,0) (0.19983111224197467,0.97983035602094681) (-0.060879690803916975,-0.99814511131779804) (0.45050998320555991,0.89277139012858497) (-0.96009631460439615,0.279669566959039) (0.94163011844659528,0.33664925372596777) (-0.65064456497329937,-0.75938241359061376) (-0.99994885436152903,0.010113785694075563) (-0.012767596859697519,-0.9999184909133485) (0.78454089922900039,-0.62007707378756671) (0.34570568353782227,-0.93834299718687464) (-0.76047810266075144,0.64936357718423321) (-0.21565076988057025,0.97647055534200178)
 (1,0) (-0.44285515777783818,-0.89659316818140322) (0.74244594634731698,-0.66990597605368241) (0.25677283132374218,-0.96647178597928507) (-0.823818349193294,-0.56685388552292371) (-0.035145241879146208,0.99938221515757242) (-0.76636948044218212,0.64240004626928526) (-0.75588878389020675,0.65470004306474916) (0.73908062414355558,0.67361697649003194) (0.11669887170605994,0.99316734407779061) (-0.6940944971471491,-0.71988389968803035) (0.55933556261191653,0.82894132988867841) (0.30818450234784395,-0.95132660664600976)
 (1,0) (0.95413389030474727,-0.29938022541899545) (-0.90895143575360549,-0.41690201179828729) (-0.9968689416189922,0.079071570336185643) (0.18012964318477925,0.9836428781047134) (-0.34622034968180865,0.93815322280862312) (0.98263092641883121,0.18557064004111595) (0.60964462388527907,-0.79267485930094739) (-0.84552918190937443,-0.53392921116910619) (-0.68169398430243056,0.73163741823793949) (0.61105072752129252,-0.79159144032493123) (0.07498720221701087,0.99718449622106797) (-0.53188170460586537,-0.84681866553918084)
 (1,0) (-0.99991761726103356,0.012835836202493013) (-0.17837276089963078,0.98396298617836386) (-0.72961923036455034,-0.68385362372531244) (0.22042312290521571,0.97540435045611329) (-0.9153813048644962,-0.4025879614501312) (-0.47872459743105356,-0.87796512448643182) (-0.36778575318032064,0.92991055470813122) (-0.071821967737340273,-0.99741746773872797) (0.2895079666799476,0.95717560417555692) (0.83232615034455104,-0.55428618912310967) (0.56088291828656356,-0.82789513344043042) (0.83464263533973682,0.55079185839402089)
 (1,0) (0.57495532259304594,-0.81818480615440825) (-0.28675274681068158,0.95800462535236708) (-0.88545450148379423,-0.46472607609438649) (-0.45537268595317099,-0.89030091367345832) (0.4664261952325745,-0.88456011915576671) (0.10236464188965602,0.99474694274011344) (0.069698736537606873,0.99756808595958069) (-0.4081203336900584,0.91292814242344145) (0.78185428472421181,-0.62346120766122348) (0.95619308320709662,-0.29273672066706363) (-0.99501425544650246,-0.099732800312847258) (-0.9531160827011842,0.30260491221450697)
 (1,0) (-0.97078454195955344,-0.23995285597879454) (0.69930838270535733,-0.71482010735430312) (-0.86282383336623636,-0.50550473051712697) (0.99059685067761249,0.13681330135478764) (0.99814087744738789,0.060949067003183366) (0.9987907442667312,0.04916349425243461) (-0.99975575252772086,-0.022100572113196323) (-0.96605973031812953,0.25831879036892158) (-0.9593207947980037,-0.28231828256088276) (-0.51483485351863845,0.85728937565004393) (-0.99479912145604921,-0.10185631031150032) (0.87624588087310895,0.48186425085589135)
 (1,0) (0.74415292913830933,0.66800929488658645) (0.97708653483106267,0.21284243808936845) (0.63007302715695301,0.77653588484323988) (-0.48670668661696825,-0.87356545330177304) (-0.76528317058217421,-0.64369376944607348) (0.99861558301854481,0.05260149572523435) (-0.36198591086343718,0.93218356579397366) (-0.66270103539508818,-0.74888406157847831) (-0.87708383799597311,0.48033732014726238) (-0.99407165256522623,0.10872694958583233) (0.66401254191683823,-0.74772143487875153) (-0.99242475459315393,-0.12285400469955494)
 (1,0) (0.99582799179478998,0.091250264426771033) (-0.56865900723717366,0.8225733605509189) (-0.89158912892179187,0.45284525523458941) (-0.9814321241184184,-0.19180976447618467) (0.98294780759977995,0.18388476700038503) (-0.89779084353012562,-0.44042207173740228) (0.68526732373779808,-0.72829162772699496) (0.96466589836210992,0.26347619349235968) (-0.97337793552661855,0.22920600914883968) (-0.90433057130228811,0.42683277499282685) (-0.16358257576427415,-0.98652964522427078) (0.99980143363379614,0.019927200099511551)
 (1,0) (0.38275166607906141,0.92385126622942004) (0.98468467936471837,0.17434472238757864) (-0.55646510202492072,-0.83087098290191519) (0.065407928156533124,0.99785860868876097) (-0.68013703470904729,-0.73308499781211189) (-0.62500935831702287,-0.78061725705760776) (-0.3010537749068084,-0.95360716472474172) (-0.014197643665360261,0.99989920837770019) (0.57266052864776595,-0.8197926072665338) (-0.38328462403250929,0.92363028154140658) (0.68591867949148089,0.72767820162807073) (-0.85694416196665035,-0.51540925803799387)
 (1,0) (-0.96586724110578281,-0.2590375890844871) (-0.94738608378211986,-0.32009312434974002) (0.40374374518710449,0.9148721157748172) (-0.72788119083807301,-0.68570326820290772) (-0.99078279489590115,0.13546015406113568) (-0.044028239112774467,0.99903028690857432) (0.0093388793261724497,-0.99995639171562434) (-0.96959835797632177,0.2447019088802142) (0.70355477162024938,-0.71064103690286473) (0.4594182934645526,0.88822003559372509) (0.96085237667871126,-0.27706084211030596) (0.99978728414549056,0.020624899053911846)


# name: N
# type: scalar
13


# name: P
# type: matrix
# rows: 13
# columns: 13
 0 0 0 0 0 0 0 0 0 0 0 0 0
 0 0.37589910885060202 -0.37589910885060202 -0.037219529324966132 0.037219529324966132 0.68877701281203918 -0.68877701281203918 0.86395256933018894 -0.86395256933018894 -0.69632539833308826 0.69632539833308826 1.6089362189657737 -1.6089362189657737
 0 -0.37589910885060202 0.37589910885060202 0.037219529324966132 -0.037219529324966132 -0.68877701281203918 0.68877701281203918 -0.86395256933018894 0.86395256933018894 0.69632539833308826 -0.69632539833308826 -1.6089362189657737 1.6089362189657737
 0 0.2170481996808063 0.7404099643337807 1.1767337511006577 0.45460314457054896 1.055127618369744 0.63669550857980328 1.4996349299412293 -0.25253041332795212 0.89473242135628805 -0.19431732193466258 0.38729283174633311 1.2838675592790054
 0 0.67713530427734414 -0.11633258370448557 -0.2090130797323454 -0.40308800048392085 0.25668077617521351 0.38793929688372797 1.3870581959073849 0.1173968011661046 0.23261743489779194 0.62901210502728711 1.155795878019914 0.79902065379000187
 0 0.95190482649379549 0.56719303374585894 1.4880364598128952 0.22000599732340653 0.30628027957383341 1.0296221514751513 0.8554968138411968 0.58984459566495218 0.37038060994973115 -0.14509517139718991 1.2378064412671648 0.66169491027969729
 0 0.4980900895499496 0.27742759168102366 0.61926213566406918 0.21477275603549656 0.56569161594390938 -0.32909892493520626 0.30894461337870099 0.73952781513000043 0.20218272726876829 -0.094339172118511588 0.84541963901226147 0.091663358516542962
 0 0.84865143040051749 1.2971226810386878 0.57774305645063284 0.67371579287339511 -0.1731605450012916 0.23410276161116336 0.23798688072763566 1.3158133582672848 0.89366831604973929 0.95157061918142727 0.51560050464621765 -0.54845825483378552
 0 0.5396048215581204 0.87388955867797202 0.58547750466435 0.021704998125686385 1.0089916941146428 0.0082764291240995744 0.50289189832545955 0.45753671163726217 -0.45347059904578302 0.3360641530615085 1.5160500179392393 1.0797710506668234
 0 0.11666560533418827 0.034284828198601798 0.14115447568642497 0.66974329926795451 0.61132077756471914 0.00885461608777037 0.30811348663761939 0.63522942353408685 -0.58007468112475113 0.48236634357045516 0.86548161108387089 0.52024881682717339
 0 1.0137284225127421 0.3452315867236973 0.42426940949097997 1.5319536078024292 1.0304174157038095 0.5713959190816692 0.87044667209059712 1.0414107421994871 0.46239684950962667 0.43098408235526497 0.72460224730469103 1.0030188015058632
 0 0.18785802496723647 0.026774892346420481 0.65529919401702286 0.2386997638142819 0.63123698128304973 0.64295945343689931 0.70223704717995683 0.25331933692190511 0.84643649892469242 0.31144319135602505 1.1305942837625349 0.585113516172171
 0 0.5423363254229836 -0.44778061664996244 0.18354091523633798 -0.38041920570688925 -0.52283381730735412 0.25781060198163325 -0.24872441300927844 0.46095162045555887 0.87542913294714864 0.17295748234646488 0.95586709394534208 0.002771963266458362


# name: RESTORE_F
# type: matrix
# rows: 1
# columns: 6
 0.37589910885060202 -0.037219529324966132 0.68877701281203918 0.86395256933018894 -0.69632539833308826 1.6089362189657737


# name: RESTORE_V
# type: matrix
# rows: 10
# columns: 12
 0.2170481996808063 0.7404099643337807 1.1767337511006577 0.45460314457054896 1.055127618369744 0.63669550857980328 1.4996349299412293 -0.25253041332795212 0.89473242135628805 -0.19431732193466258 0.38729283174633311 1.2838675592790054
 0.67713530427734414 -0.11633258370448557 -0.2090130797323454 -0.40308800048392085 0.25668077617521351 0.38793929688372797 1.3870581959073849 0.1173968011661046 0.23261743489779194 0.62901210502728711 1.155795878019914 0.79902065379000187
 0.95190482649379549 0.56719303374585894 1.4880364598128952 0.22000599732340653 0.30628027957383341 1.0296221514751513 0.8554968138411968 0.58984459566495218 0.37038060994973115 -0.14509517139718991 1.2378064412671648 0.66169491027969729
 0.4980900895499496 0.27742759168102366 0.61926213566406918 0.21477275603549656 0.56569161594390938 -0.32909892493520626 0.30894461337870099 0.73952781513000043 0.20218272726876829 -0.094339172118511588 0.84541963901226147 0.091663358516542962
 0.84865143040051749 1.2971226810386878 0.57774305645063284 0.67371579287339511 -0.1731605450012916 0.23410276161116336 0.23798688072763566 1.3158133582672848 0.89366831604973929 0.95157061918142727 0.51560050464621765 -0.54845825483378552
 0.5396048215581204 0.87388955867797202 0.58547750466435 0.021704998125686385 1.0089916941146428 0.0082764291240995744 0.50289189832545955 0.45753671163726217 -0.45347059904578302 0.3360641530615085 1.5160500179392393 1.0797710506668234
 0.11666560533418827 0.034284828198601798 0.14115447568642497 0.66974329926795451 0.61132077756471914 0.00885461608777037 0.30811348663761939 0.63522942353408685 -0.58007468112475113 0.48236634357045516 0.86548161108387089 0.52024881682717339
 1.0137284225127421 0.3452315867236973 0.42426940949097997 1.5319536078024292 1.0304174157038095 0.5713959190816692 0.87044667209059712 1.0414107421994871 0.46239684950962667 0.43098408235526497 0.72460224730469103 1.0030188015058632
 0.18785802496723647 0.026774892346420481 0.65529919401702286 0.2386997638142819 0.63123698128304973 0.64295945343689931 0.70223704717995683 0.25331933692190511 0.84643649892469242 0.31144319135602505 1.1305942837625349 0.585113516172171
 0.5423363254229836 -0.44778061664996244 0.18354091523633798 -0.38041920570688925 -0.52283381730735412 0.25781060198163325 -0.24872441300927844 0.46095162045555887 0.87542913294714864 0.17295748234646488 0.95586709394534208 0.002771963266458362


# name: a
# type: matrix
# rows: 1
# columns: 6
 0.17904151750270619 0.45715042725196381 0.97813938781442156 0.37337641431701946 0.97277409822230121 0.99408813013036057


# name: alpha
# type: scalar
0.0025457240303982478


# name: ans
# type: scalar
10000


# name: dF
# type: matrix
# rows: 1
# columns: 6
 0.0003741310105789921 -0.00090037842258878945 -9.7934267134519584e-05 4.6385025319876354e-05 0.00074723585307910785 -0.0011383065756394365


# name: dV
# type: matrix
# rows: 10
# columns: 12
 0.00093212500488009775 -0.00010526336755751357 -0.0011126640208549456 0.00028439868412956029 -0.00048078654193416738 0.00055388876853001252 -0.0012446163707203854 0.00049833196499470759 -0.0011817631015716133 0.00049754209627452005 0.00022484744525470176 0.00072607775882328426
 -0.00015250935804331329 -0.0005002174196507902 0.00034268852466078808 -0.00099220030508171265 -0.0010860850514050973 0.0010300958838507497 -0.00066072241900077069 0.00023331650946621565 -0.001233054568621082 -0.001109616656896477 -0.00026771112099920654 0.00084005227793705313
 -0.00029477604487453363 0.0012490564169173226 -0.00063424196695520559 0.0011681381127737205 -1.2756642377620092e-05 8.4525651777775314e-05 -0.0011528933075124698 -0.00020203383532733644 -0.0010023899757099584 -0.00027839459842688954 0.00024776157994443551 -0.0009523614099527447
 -0.00013303243167909286 0.0011140529270853238 0.00058652465254061773 -0.00014466227312456918 0.00025300753427840637 -0.00035145436772127976 0.00099739663259455877 -0.00096848664908545906 0.0010714366109357465 0.00083482954508840794 -0.00065052945910312981 0.0011737379770178605
 -0.001161142985191791 -0.00083477211732828935 -0.00081945754295674087 0.0010372180675048111 0.00038988407441171898 -0.00042318776387322704 0.00091121974343201951 0.0010944519437848807 -0.00080535244782459865 0.0011464065369737608 0.0002988957547663734 -0.00046987729603407014
 -0.0010388273855833788 -0.00063527603192465524 -0.0011306623532618626 0.00013802247553246037 0.00071466702657137292 -0.00044866048167724922 0.00062580337276094361 0.00087904261439100326 -0.00097769011323727332 9.227508749094171e-06 0.00018907962994247688 0.00024903299558688301
 -0.00023892051270495135 -0.0001487765374924384 0.00035799500027018958 -0.00064427289314829272 -2.1307298014102665e-05 -0.0004789625398900059 0.00083709057901686752 -0.00052441211112347493 0.0003318054580587814 0.00029494809917500085 9.2318994980014618e-05 -0.00064647213448892861
 0.00081473848900808648 0.0010372107565270144 0.0009350915113837423 -0.0012357776434638306 -0.00098375227754663266 0.001189675562855025 -0.00028935466608809285 0.0010237789438801938 0.0007966763112629275 -0.0011694361064680976 -0.0007547564929034677 0.00015292082719396173
 -0.00036977963719875338 0.0011154611680610667 0.00077945383977673008 0.00088280410726917136 -0.00027684891414413474 -0.00041188213788353524 -0.00090623127858394906 -0.0010596358321493073 0.00060783904368425293 0.0011603887402866604 -0.0008940031501944157 0.0010665235121013641
 -0.00063364832077737016 -0.00036228128711500505 0.0003134523231539071 0.00067181774695262335 0.0012081806360814749 -0.00080102418490868754 0.0002107634227708033 -0.00029667090106389675 -0.0012266213161588411 0.0010714692877621227 -0.00054727345027202336 0.00051082413902015552


# name: k
# type: scalar
0


# name: nF
# type: scalar
2.5633011789775817


# name: nF_min
# type: scalar
2.5457240303982478


# name: nFeps
# type: scalar
1e-10


