# Created by Octave 5.1.0, Fri Sep 17 16:26:39 2021 GMT <unknown@Ola>
# name: F_norm
# type: scalar
2.7661687217832507e-13


# name: H
# type: complex matrix
# rows: 41
# columns: 41
 (1,0) (1.0000000000000004,-1.110223024625157e-16) (1.0000000000000004,-2.4651903288156619e-32) (1,-5.5511151231257839e-17) (1,-5.5511151231257839e-17) (1.0000000000000002,-5.5511151231257852e-17) (1.0000000000000002,-4.8572257327350623e-17) (1.0000000000000004,-2.7755575615628944e-17) (1.0000000000000002,-2.7755575615628932e-17) (1.0000000000000002,-5.5511151231257852e-17) (1,-2.775557561562892e-17) (1,-8.3266726846886765e-17) (1.0000000000000002,-1.110223024625157e-16) (1.0000000000000002,-5.5511151231257852e-17) (1.0000000000000002,-5.5511151231257852e-17) (1.0000000000000002,-1.2325951644078309e-32) (1.0000000000000002,-5.5511151231257852e-17) (1.0000000000000002,-5.5511151231257852e-17) (1,-5.5511151231257839e-17) (1,-8.3266726846886765e-17) (1.0000000000000002,-5.5511151231257852e-17) (1.0000000000000002,-5.5511151231257852e-17) (1.0000000000000002,-5.5511151231257852e-17) (1.0000000000000002,-1.110223024625157e-16) (1.0000000000000002,-5.5511151231257852e-17) (1.0000000000000002,-1.2325951644078309e-32) (1.0000000000000002,-5.5511151231257852e-17) (1.0000000000000002,-5.5511151231257852e-17) (1.0000000000000002,-5.5511151231257852e-17) (1,-5.5511151231257839e-17) (1.0000000000000002,-2.7755575615628932e-17) (1.0000000000000002,-1.110223024625157e-16) (1.0000000000000002,-5.5511151231257852e-17) (1,-5.5511151231257839e-17) (1.0000000000000004,-2.4651903288156619e-32) (1.0000000000000004,-5.5511151231257864e-17) (1.0000000000000002,-5.5511151231257852e-17) (1.0000000000000002,5.5511151231257827e-17) (1,-5.5511151231257839e-17) (1.0000000000000002,-1.2325951644078309e-32) (1.0000000000000002,-5.5511151231257852e-17)
 (1,0) (0.49297545081056604,-0.87004322013226465) (-0.20395007921911623,-0.97898128949766794) (0.74501439575236117,-0.66704838664203725) (-0.66231407642839268,-0.74922631037945009) (-0.78433333960820151,0.62033959439894448) (-0.75396379577753558,-0.65691597229533927) (-0.57120247557298753,-0.82080919335695268) (-0.69224218434433515,0.72166526742956383) (-0.52219865117540509,-0.85282387906917068) (0.94444738386438232,0.32866265244430115) (0.91780533019042099,0.39703069890633508) (-0.0028086896889765178,0.99999605562333671) (0.86246497226159691,-0.50611675690674662) (0.99630174173774366,0.085923450875406149) (-0.99661323821079628,0.082231705704012892) (0.84369669153108173,-0.53682016793289988) (-0.75430498419721004,0.65652417382397033) (0.15240253089875228,0.98831850563249801) (0.9767580287588491,-0.21434493988692194) (0.83819832471713518,-0.54536553653617292) (0.16624409968326603,0.98608463091182053) (-0.12183995147659565,-0.99254976007461782) (-0.092097850833724237,0.99574996152237427) (-0.88941154323047888,-0.45710732521846226) (-0.70568869516471133,0.70852202895656502) (-0.69229902074416672,0.72161074401415903) (-0.07924881210111151,0.99685486695935943) (-0.56292211603374542,-0.82650994626809604) (0.97493669432767616,-0.22248245336076405) (-0.92195262202495187,0.38730267587678219) (0.45379379939010078,-0.8911067206766522) (0.32707541718295302,-0.94499823887380696) (-0.9702909334151939,-0.24194111790324574) (-0.96430447959724952,0.26479590372337358) (0.9991850704649643,-0.040363287278471049) (-0.82396318622744336,0.5666433338017135) (0.25076671971512265,0.96804754649930103) (0.49637912215934871,0.86810585016132391) (0.85175798264344837,0.52393543400228448) (-0.52225303101744058,-0.85279057897768595)
 (1,0) (0.48450673802919664,0.8747875289487772) (0.75758543552350188,-0.65273601699512951) (0.92636959584066925,-0.37661568196504353) (0.61795897020428925,-0.78621034789937272) (-0.66478674654762149,0.74703318642121075) (-0.56219385528483956,0.82700548310151423) (-0.79106905992378773,-0.61172685279566907) (-0.64888039702008571,0.76089041941862789) (-0.69228820042120542,0.72162112466138884) (0.94442642454325465,0.32872287511586717) (-0.96156807543423195,0.27456663363509071) (-0.57304572640902429,-0.81952339530019136) (-0.99976622886301847,-0.021621462138763869) (-0.1046520107279782,0.99450890224803401) (0.52540891393446243,-0.85084985347487008) (-0.099333450468674311,-0.99505420235180508) (-0.66938031510875506,-0.74291991072046448) (0.94932677283969125,-0.31429075450890243) (-0.98375928040274552,-0.17949283612855202) (0.24096061922089912,0.97053489374915325) (-0.98117265475646898,0.19313265274971525) (-0.25739732305972457,0.96630565458434936) (-0.49651203560600499,0.86802983733186367) (0.43886656805950247,0.89855224413479329) (-0.23462157654676075,0.97208678409837002) (0.86444082008781487,0.50273459058026415) (0.98432288707125326,-0.17637588833996287) (-0.030900801807778766,0.99952245619977687) (0.96302396697553605,-0.26941573641994698) (-0.072509668796691462,-0.99736770948882947) (-0.81224557254317298,-0.58331563487018911) (0.97653045414271489,-0.21537936793439927) (-0.42931351294460879,-0.90315552791485398) (-0.50196081395302572,0.86489036371994366) (0.23879450357113621,-0.97107012365957068) (-0.093174454707864118,-0.99564979836782552) (0.95342327131596205,-0.30163565060046921) (-0.22155050026052747,-0.97514889931451432) (-0.83562166240873681,-0.5493054135116977) (0.85175798264344804,0.52393543400228415)
 (0.99999999999999989,-5.5511151231257827e-17) (-0.035950696665591031,-0.99935356476537396) (0.30328791388829079,-0.95289896698930798) (-0.40967585665860257,-0.91223116175180152) (-0.99588849610555219,0.090587545085520138) (0.52651520351827896,0.85016571353125381) (0.77862059946924755,-0.62749498968688955) (0.84597851921383671,-0.53321697743860863) (0.76521053943252759,-0.64378011024058568) (0.92308130839151104,-0.38460485969136743) (-0.52104736663881557,0.85352776271118169) (0.9816692651476121,0.19059237619733688) (-0.73576466159843745,-0.6772373016476112) (-0.99262039979326988,0.12126311027781872) (-0.90312136548246025,0.42938537377173941) (-0.50462320185195386,-0.86333969221430007) (-0.53535905195322875,-0.84462458257603434) (0.9793384424628333,0.2022281264178466) (0.13256704744490833,-0.9911740401825192) (0.46497019856965471,-0.8853263321748065) (-0.58345572587791261,0.81214494761728218) (-0.57201184071728328,0.82024536211991272) (0.76301328119692002,0.64638280663791681) (-0.98028285387012848,0.19759940892684486) (0.42851737547915336,-0.90353354055754842) (-0.97536934851646462,0.22057795441650058) (-0.90043203698533625,-0.43499672041342818) (-0.054599346712692065,0.99850834314919323) (-0.97035255093123707,-0.2416938702185899) (0.6779123175578271,0.73514276824530911) (-0.34180896989257908,0.93976945476056806) (-0.98831526710209161,0.1524235310341629) (-0.39360247495684775,0.91928074694722239) (-0.86573505625883951,0.50050255979815361) (0.95306092815850674,0.30277857787110102) (0.065926778971455435,0.99782446342753595) (0.79119885835945958,0.61155896406698884) (0.62298235138557656,-0.78223589144330241) (0.9813370180229033,0.19229575413387673) (-0.22155050026052747,-0.97514889931451421) (0.49637912215934865,0.86810585016132358)
 (1,-5.5511151231257827e-17) (-0.51058688777055727,-0.85982616268451428) (-0.27450337331930785,0.96158613656620628) (-0.99526775031427606,-0.097170495441577243) (0.58637714907092775,0.81003817135209821) (-0.23815401358356703,-0.9712274017005692) (-0.77653578596097994,-0.63007314902474909) (-0.72007972954426314,0.69389133378322354) (0.75073953238367841,0.66059833069448293) (-0.74555289016937509,0.66644646293613974) (0.4435271510772788,-0.89626093647847449) (0.094873702994322295,0.99548931711000543) (0.75575043878633219,0.65485973633616124) (-0.66891462954863101,0.74333923505746569) (-0.46522609528237568,0.88519188895307599) (-0.0067139552061939722,-0.99997746114874497) (-0.83854653822186598,0.54482997644781317) (0.7236558567050051,-0.69016099647585516) (0.841870461184548,0.5396796518166268) (-0.90629605397564739,-0.42264342245937059) (-0.91054388474322701,-0.41341242598247174) (-0.82791536086607198,0.56085306029476389) (0.84482383421875284,-0.53504456742959883) (0.2535136243812024,0.96733181600374751) (0.71404177180505424,-0.70010309820589989) (0.98474875527861316,0.17398243870351671) (-0.48740064109621845,-0.87317845544825234) (-0.49862078379857522,-0.86682023163058064) (-0.023865504038387386,-0.99971517829679557) (-0.51342722791972184,0.85813313747382503) (-0.8120147317827755,0.58363693797406913) (0.97332005775697639,-0.2294516619420256) (0.765093450801964,0.64391925855649235) (-0.39168346376088237,-0.92010002946216518) (-0.2693795194434947,-0.96303409830825459) (0.70799511478802746,-0.70621733017272281) (-0.98892326110525663,0.14842770511244141) (0.60264883780230727,0.79800650266493967) (0.62298235138557656,-0.78223589144330252) (0.95342327131596227,-0.30163565060046921) (0.25076671971512288,0.9680475464993008)
 (1,5.5511151231257827e-17) (-0.71862136789754127,-0.69540155996450637) (0.4686713762854201,0.88337259469078622) (0.98032510429004505,-0.1973896904570136) (0.93119933853660208,-0.3645103454073646) (-0.50425048721113763,0.8635574365074582) (0.74535544106352769,0.66666728319079516) (0.94696218013782096,0.3213450316849899) (-0.96861869485314389,-0.24855145137575324) (-0.91076612798126588,-0.41292258369095591) (0.14060538246649398,0.99006571823361866) (-0.43452832122656565,-0.9006581693695026) (-0.16056621562493539,0.98702507080615154) (0.42303564498357904,-0.9061130410016891) (0.47814981532021339,0.87827828967204191) (-0.79302505374128485,-0.60918902168262568) (-0.94926515697033076,0.31447680639769776) (-0.86185478626843703,-0.50715513147969615) (0.78923255552505722,-0.61409443353558224) (0.57082280131317242,-0.82107327900802107) (-0.11276675027541511,0.9936214873040552) (-0.87144716977240511,-0.49048937837191375) (0.8942305822936657,-0.44760659701431282) (0.97614565060627245,-0.21711671700369045) (-0.89070551193514791,-0.45458078600876622) (0.96604849296514961,0.25836081212088985) (0.36885942004583183,0.92948519527933038) (-0.17539421649530743,-0.98449828279179741) (0.76203613928985847,0.64753449515543804) (-0.99998624803173852,-0.0052444015300665558) (-0.92301890631150008,-0.38475459528318035) (0.99487456003393071,0.10111681263417094) (-0.9375891122666008,-0.34774510285427324) (-0.93111131046744688,0.3647351470856568) (0.91431596867106901,-0.40500161658083067) (-0.9982214226716849,0.059615361437462322) (0.90572844985528322,0.42385843759768183) (-0.98892326110525697,0.14842770511244138) (0.7911988583594598,0.61155896406698917) (-0.093174454707864063,-0.99564979836782597) (-0.82396318622744325,0.56664333380171361)
 (1,5.5511151231257827e-17) (-0.89919781398910814,0.43754233088606331) (0.91918803739483101,-0.39381893289967673) (-0.57744826272281624,-0.81642728021447353) (0.31472922886512705,0.94918149607857571) (0.90481290285107674,-0.42580935973063055) (-0.96191714026199104,-0.27334120668167494) (-0.6625249714805691,0.74903982682142589) (0.99239945819077346,0.12305817885317444) (0.29951454417576245,-0.95409173449264562) (0.20632938387740551,0.97848259327837328) (0.76409212115004399,-0.64510714644656231) (-0.98790004306850987,-0.15509192404905248) (0.23091138943309042,-0.97297478396414783) (-0.90237481676325815,0.43095207398442364) (-0.021553084187437399,0.99976770530059134) (0.77073639672043481,0.63715414678898674) (-0.90742525600544388,0.42021352282316532) (-0.83122539680139296,0.55593555356027158) (-0.96247056777375317,0.27138608322695706) (-0.59165388321751611,0.80619208782624097) (0.85335248006021869,0.52133438863657744) (0.83763229633008285,-0.54623450654896633) (0.22853034923526944,-0.97353678897019968) (0.65371979774473954,0.75673669531520549) (-0.95911831155169647,-0.28300541416415265) (0.99834012931608784,0.057593282569573301) (0.95415374234107464,0.29931694902982359) (0.98527917022393419,-0.17095308339668958) (-0.46920071611114,-0.88309155131322226) (-0.97803787320000224,-0.20842725010520347) (0.9947606848940671,-0.10223101187549138) (-0.8608426841807747,0.50887117534051662) (-0.36053282427095312,-0.93274652646000844) (-0.99924293461246338,0.038904467957722677) (-0.98949557772909147,-0.14456314071910459) (-0.99822142267168434,0.059615361437462211) (0.70799511478802757,-0.70621733017272248) (0.065926778971455324,0.99782446342753595) (0.2387945035711363,-0.97107012365957046) (0.99918507046496408,-0.040363287278471049)
 (0.99999999999999989,2.7755575615628914e-17) (0.52769151499453759,-0.84943608647312052) (0.57930887385909646,0.8151081085770806) (0.45835912752820346,-0.88876707309147418) (-0.26833831594373386,0.96332473662648188) (-0.81281752335561475,-0.58251838917415044) (-0.9501002959237983,-0.31194459072968794) (0.28665265318540156,0.95803457997181485) (-0.041633932658929645,-0.99913293192215058) (-0.37619098754738445,-0.92654214199253981) (0.6283615835785078,-0.77792141009404603) (-0.23851019115995484,0.97113999439465104) (0.6115202557464251,0.79122877653168522) (-0.94454779730539773,0.32837396152180176) (0.35172954574149817,-0.93610166469912848) (0.88350760311848475,-0.46841681783624123) (0.48357518176153513,0.87530282964486006) (-0.99988790678508133,-0.014972436840734488) (-0.51953368018343582,-0.85444997229507513) (-0.72128890529806544,0.69263432999954455) (-0.68856804998591592,0.72517173175641159) (-0.87446548656742262,-0.4850877372212179) (0.4498922866941002,-0.89308282391565119) (0.43069201306642313,0.90249896946245511) (-0.67847312491616241,0.73462522333942382) (-0.99381484450111657,-0.11104978545329774) (0.88753656638783862,-0.46073728232528244) (-0.17640347766868344,0.9843179430785538) (-0.25085760876318275,-0.96802399770130632) (0.93737415614288289,-0.34832411830853621) (0.74844570853972681,0.66319606555562927) (-0.66040578231021152,0.75090891770656065) (0.2678602500570772,-0.96345777615802131) (0.96912660163064412,-0.24656364292376773) (0.56171483961836433,0.82733091260542002) (-0.9992429346124635,0.03890446795772276) (0.91431596867106868,-0.40500161658083034) (-0.26937951944349448,-0.96303409830825426) (0.95306092815850674,0.30277857787110118) (-0.50196081395302572,0.86489036371994354) (-0.96430447959724919,0.26479590372337358)
 (1.0000000000000002,0) (-0.7057623163014195,0.70844869460593707) (0.81475968272907451,0.57979880941514461) (-0.88201821435627692,-0.47121531123655747) (0.99979523554721594,0.020235784568119419) (0.12915388147419216,0.9916245634816393) (0.035732953388201261,-0.99936137409955916) (-0.02273680515324028,-0.99974148543082175) (0.73721808210815354,0.67565486708287503) (0.94826182663362568,-0.31748938273501426) (-0.21549394321064591,0.97650517686263538) (-0.97695944314435446,0.21342503707642357) (0.8719464264677943,0.48960129633207239) (-0.7960040759127045,-0.60529126140260936) (0.99981104457018555,0.019439011175340748) (0.51849134615526826,-0.85508287549342188) (-0.70656124235915496,0.70765189945049123) (0.81512436581309733,0.57928599867232822) (-0.12960093881760226,0.99156623412538425) (0.47444546389236625,0.88028489808240928) (0.47663988663575019,-0.87909863978273717) (0.65206961614367387,0.75815909656367131) (0.60702559234637299,-0.79468228257369389) (-0.67718545882468117,-0.7358123771427113) (-0.29310510836736309,0.95608022437918738) (-0.22434692260943406,0.97450934234397046) (-0.91027247886696083,0.41400967889338114) (-0.13112278810417854,-0.99136613541102325) (-0.98838020653202485,0.15200186622444314) (0.20839518448780209,0.97804470607549265) (0.88444429147038017,-0.46664579210088036) (-0.99431242984461699,0.10650254389681874) (-0.24569628710957764,-0.96934685974658652) (0.70578427913836217,-0.70842681437191746) (0.96912660163064457,-0.24656364292376784) (-0.36053282427095323,-0.93274652646000888) (-0.931111310467447,0.36473514708565669) (-0.39168346376088226,-0.92010002946216551) (-0.86573505625883984,0.5005025597981535) (-0.42931351294460879,-0.90315552791485432) (-0.97029093341519412,-0.24194111790324568)
 (1,0) (-0.26783038101482004,0.96346607984166033) (-0.94482329300635948,-0.32758044049152213) (-0.93725517914874157,0.34864412967790093) (-0.45964989566955394,-0.88810020460022798) (0.6268408847603365,-0.77914729364407043) (-0.33616264158468373,0.94180394902697651) (0.68470647721336741,-0.72881893503260609) (-0.87878471487807852,-0.47721842472462778) (0.051916924645959484,0.99865140711626998) (-0.9730797205911208,0.23046877743916949) (0.37195205873109094,-0.92825194101908715) (0.44093186449133204,0.89754057895796402) (-0.96550777216432926,0.26037423430569018) (0.88148650121296279,0.47220922076906618) (0.953168777699957,-0.30243888840221927) (0.26282008287499625,0.9648448600876619) (0.17503413205779222,0.98456236603618708) (0.21870566191735547,-0.97579087587724966) (-0.32444083470148538,-0.94590599151194921) (-0.96759482692903276,-0.25250792245031528) (-0.99635196117577307,-0.085339143780508234) (-0.47413027147580455,0.88045470392875957) (-0.87749866470198323,-0.47957907945013345) (-0.49127813116828822,-0.87100275420677853) (0.67006367424768853,0.74230362551565632) (0.73401777360567966,0.67913025851522879) (0.55792926209828919,0.8298885096773293) (0.5621737793026893,-0.82701913028933682) (0.81311120571074391,-0.5821083809288623) (0.75260141062574237,0.6584763600343928) (0.25596156878001264,0.96668695827950157) (-0.017862765436849823,-0.99984044807706518) (-0.24569628710957769,-0.96934685974658641) (0.2678602500570772,-0.96345777615802164) (-0.8608426841807747,0.50887117534051673) (-0.93758911226660058,-0.34774510285427318) (0.765093450801964,0.64391925855649246) (-0.39360247495684786,0.91928074694722262) (0.97653045414271511,-0.21537936793439919) (0.32707541718295308,-0.94499823887380685)
 (1,-5.5511151231257827e-17) (0.98342946200390646,0.1812911836320456) (0.26428047733800952,0.96444586644248442) (-0.66665010603609143,-0.74537080444706749) (-0.15691083774472536,0.98761277280027504) (-0.090687906306604171,0.99587936199608251) (-0.48799433892743643,-0.87284679364409368) (0.56326979137918076,0.82627304332142826) (-0.92671911280461328,0.37575482160929402) (-0.92674307118629162,0.3756957279610732) (-0.99873722356001493,0.050239011491395924) (-0.1568369576584937,-0.98762450795453005) (-0.050690928335973551,0.99871438849374639) (-0.24767161170107976,0.96884403943946995) (-0.48868978189147283,-0.87245761907090102) (0.076189666791791788,-0.99709334300964814) (0.93459581328095309,0.35571149236103389) (0.25267488766089397,-0.96755123954525235) (-0.61481099194629318,-0.78867448556550457) (0.94644975136284637,-0.3228511547837577) (0.32436801446765479,-0.94593096534065912) (0.97014815506776997,-0.2425130042257565) (-0.93236080022208934,0.36152916647101258) (0.25030705084752891,-0.96816650442783525) (-0.59856453468506221,0.80107458942176868) (0.063326585094910848,0.99799285749960009) (-0.29822406423278075,-0.95449589182588035) (-0.88105802238972664,-0.47300820413889594) (0.99885857772288089,0.047765486592562689) (0.99922215488217059,0.03943456849811583) (-0.97620942542086064,-0.216829789741803) (0.6550077080941189,0.75562219550334142) (0.25596156878001258,0.96668695827950124) (-0.99431242984461654,0.10650254389681896) (-0.66040578231021163,0.75090891770656054) (0.9947606848940671,-0.1022310118754915) (0.99487456003393038,0.10111681263417099) (0.97332005775697605,-0.22945166194202543) (-0.98831526710209139,0.1524235310341629) (-0.81224557254317287,-0.58331563487018911) (0.45379379939010062,-0.89110672067665186)
 (1,0) (0.99901056356839135,0.044473518848479499) (0.88039112017210153,-0.47424832685220331) (-0.10190328077219646,0.99479431108539429) (-0.93805237457270763,0.34649349569437027) (0.55483492742619167,-0.83196045777907845) (0.94391096141252206,0.33020008619818481) (-0.9998383218335698,0.017981384625014529) (-0.30006854727387589,-0.95391764159016734) (-0.16439045084928877,0.98639534653685867) (-0.49798908005175446,-0.8671833002019862) (-0.11275864028902755,-0.99362240767817367) (0.58566205650767267,0.81055533775751842) (-0.58088419517522871,0.813986211059885) (-0.99094000263101945,0.13430529098153515) (-0.48543980288776895,0.87427009429139568) (0.57235761647324801,-0.82000412124882804) (-0.73355928970836681,-0.67962546191454376) (0.36028466969295625,0.93284240726086021) (0.21980126987049137,-0.97554466928138117) (0.98119993555690366,0.19299400628809171) (0.3028618796575403,0.95303445994901081) (0.66886385694388661,-0.74338492106993159) (0.73257637043311863,-0.68068484740226087) (-0.96722816401377809,-0.25390880004154293) (0.81578461262242918,-0.5783558297523026) (0.22825308605668593,-0.97360183273533329) (0.64001490211292822,0.76836249587898231) (-0.83852099240434863,0.54486929193819211) (0.60326966534994197,0.79753727867013913) (-0.73744356460056637,-0.67540875699772462) (-0.97620942542086087,-0.21682978974180289) (0.75260141062574237,0.6584763600343928) (0.88444429147037995,-0.46664579210088053) (0.74844570853972692,0.66319606555562949) (-0.97803787320000246,-0.20842725010520335) (-0.92301890631149985,-0.38475459528318012) (-0.8120147317827755,0.58363693797406913) (-0.3418089698925792,0.93976945476056806) (-0.072509668796691407,-0.99736770948882936) (-0.92195262202495165,0.38730267587678235)
 (1,-2.7755575615628914e-17) (-0.79147007675441272,0.6112079168354787) (-0.23459429167100351,0.97209336913456101) (-0.67734711265283643,0.73566357051363362) (-0.97499037814487621,0.2222470754023802) (-0.8107864304632274,0.58534209158123907) (0.9913278197569072,0.13141215231483808) (-0.12591445535957932,0.99204110294458137) (-0.91042619505648492,0.41367154042183418) (0.89760638144094229,-0.44079789472784325) (0.78191468708733003,-0.62338545228223308) (-0.28087449323445046,0.95974450717380633) (-0.95895183228692515,-0.28356900986100503) (-0.6879559362974057,-0.72575245760049678) (0.89281118628012801,-0.45043111088497367) (-0.98372404493024435,-0.17968584648235142) (0.33151282882933564,-0.94345071112463186) (0.28679608732675949,-0.95799165147409426) (-0.83709833468740835,0.54705244544153819) (-0.18580400107621284,-0.98258682730030078) (-0.042476943049772287,0.99909744735393369) (0.41222712357070102,-0.91108111526506064) (-0.99948376507488979,0.032127921683857058) (-0.34119158624027324,-0.93999377736176937) (0.99235308474696926,0.12343158102031539) (-0.99117142752284149,0.13258658024978889) (0.51898448472229242,-0.85478365954055202) (-0.76010661859520334,-0.64979837516553263) (-0.62572899356940281,0.78004052882310093) (0.91993207953410394,-0.39207775892552321) (0.60326966534994186,0.79753727867013924) (0.99922215488217081,0.03943456849811583) (0.81311120571074391,-0.58210838092886252) (0.20839518448780223,0.97804470607549243) (0.93737415614288311,-0.34832411830853627) (-0.46920071611114017,-0.88309155131322248) (-0.9999862480317383,-0.0052444015300666114) (-0.51342722791972195,0.85813313747382503) (0.67791231755782722,0.73514276824530933) (0.96302396697553605,-0.26941573641994687) (0.97493669432767605,-0.22248245336076411)
 (1,0) (0.67418920654287373,-0.73855867321499247) (0.59608555715628775,0.80292092297416084) (0.26584340890521851,0.96401622493693195) (0.97023249515359333,0.2421753607368678) (0.78448308057246963,-0.62015022074939885) (0.95055471187254703,0.31055714407641533) (-0.24916381276452532,-0.96846135411210132) (-0.43999701720740758,-0.89799923432516582) (0.68277217265910894,0.7306313435942644) (0.99472485339470107,0.10257907212920947) (0.9991829965040786,-0.040414595100426887) (-0.87182820037832287,-0.48981178938965508) (-0.99982323899675063,0.018801350005969997) (-0.43341546344258508,-0.90119422770502078) (-0.94758275324208974,0.31951044702503961) (-0.98696522978206558,0.16093363601569921) (0.15332762743510364,0.98817540885468436) (0.93510467060728075,0.35437163403473337) (-0.84163097778733709,0.54005305038369156) (-0.5135828291828568,-0.858040020959705) (-0.99502110279339084,-0.099664462050540303) (-0.86426256082374653,-0.50304097840869733) (0.28063449001923968,-0.95981471285433129) (-0.34375800566020309,0.9390582695150067) (-0.90505195581545239,0.42530101960214478) (0.75526085297102141,-0.65542432360226377) (0.6604679684587893,0.75085422196317109) (-0.3275998368348359,0.94481656786160784) (-0.6257289935694027,0.78004052882310093) (-0.83852099240434841,0.544869291938192) (0.99885857772288089,0.047765486592562634) (0.56217377930268908,-0.8270191302893366) (-0.98838020653202441,0.15200186622444314) (-0.2508576087631828,-0.96802399770130643) (0.98527917022393441,-0.17095308339668969) (0.76203613928985814,0.64753449515543782) (-0.02386550403838722,-0.99971517829679535) (-0.97035255093123718,-0.24169387021859001) (-0.030900801807778822,0.99952245619977687) (-0.56292211603374531,-0.82650994626809582)
 (1,0) (0.44159259119946559,0.89721568387859907) (0.90543028614729726,-0.42449499046186989) (-0.71725609894075237,0.69680965014291663) (0.38486803594786767,0.92297161110492976) (0.1724818970854326,-0.98501268782580209) (0.60176076436401305,-0.79867639408714119) (0.95362867246584648,0.30098563927707112) (-0.89600604760341707,0.44404184786808437) (-0.39595287957362857,-0.91827082996104714) (-0.98361839680050034,-0.18026327822275073) (-0.89523407361791829,0.44559617753462277) (-0.84709564404983517,-0.53144046687450897) (0.54728311057256196,-0.83694754727044951) (0.61717253775027769,-0.78682784562246) (-0.99773532754866556,-0.067262293756283675) (-0.28974404685237798,-0.95710416743090532) (0.27627970431508764,0.96107727315943037) (0.28689447687372305,-0.95796219087151435) (-0.67733785658457413,0.73567209274065393) (-0.52218264994738905,-0.85283367668843901) (0.10824517126326866,0.99412422910730047) (-0.83886377525063271,-0.54434140626288463) (0.34621818203829868,0.93815402276283799) (-0.21206159631118415,-0.97725630178062928) (0.9869982427406585,0.16073104500018598) (0.60319715922329309,0.7975921182565362) (-0.99929713512307217,0.03748647402489641) (0.6604679684587893,0.7508542219631712) (-0.76010661859520312,-0.64979837516553252) (0.64001490211292811,0.7683624958789822) (-0.88105802238972675,-0.47300820413889588) (0.55792926209828886,0.8298885096773293) (-0.1311227881041786,-0.99136613541102292) (-0.17640347766868353,0.98431794307855403) (0.95415374234107486,0.29931694902982353) (-0.17539421649530723,-0.98449828279179696) (-0.49862078379857511,-0.86682023163058053) (-0.054599346712691899,0.99850834314919323) (0.98432288707125337,-0.17637588833996282) (-0.079248812101111565,0.99685486695935888)
 (1,-1.7347234759768071e-18) (-0.90637453732558948,-0.42247508575988946) (-0.67583430435260383,-0.73705358900166418) (-0.94834445096477493,-0.31724249766435919) (-0.0033786854563249511,-0.99999429222600422) (-0.41434580610490562,0.91011952674540375) (0.68896387186952845,0.72479568380237336) (0.041586215545183519,0.99913491915588204) (0.54786572918700793,0.83656628116509046) (0.4634926105280785,-0.88610078432753236) (-0.98853824716687722,0.15097063915953218) (-0.48835306246922616,0.87264614041255528) (-0.85854896594975427,0.5127315799388692) (0.049687711288888936,0.99876480281739732) (-0.83326335784603556,-0.55287627591636723) (0.87590525255722418,0.48248314845460344) (0.54692144411002686,0.83718393078976594) (0.46293493068649821,-0.88639226640934066) (0.4901411892257268,0.87164305459539415) (-0.99999045297615963,0.0043696632062595435) (0.99613218767537826,0.087867312904542361) (-0.71439545830917617,-0.69974218762857399) (-0.30499493724904253,-0.95235397214084916) (-0.8317740861349161,-0.55511428520118833) (-0.99912353100251916,-0.041858927328094833) (0.47095993962659333,-0.88215459828020926) (0.66240675051668507,0.74914437651892396) (0.60319715922329331,0.79759211825653642) (0.75526085297102163,-0.65542432360226388) (0.51898448472229253,-0.85478365954055202) (0.22825308605668601,-0.97360183273533329) (-0.29822406423278081,-0.95449589182588068) (0.73401777360567966,0.6791302585152289) (-0.91027247886696083,0.41400967889338119) (0.88753656638783895,-0.46073728232528249) (0.99834012931608807,0.057593282569573204) (0.36885942004583172,0.92948519527933027) (-0.48740064109621828,-0.87317845544825257) (-0.90043203698533625,-0.43499672041342835) (0.86444082008781498,0.50273459058026437) (-0.6922990207441666,0.72161074401415892)
 (1,-6.9388939039072284e-18) (-0.96911895725118691,0.24659368746254029) (0.86083557794663279,-0.50888319656016212) (0.61801069258140862,0.78616969151389293) (0.3940586032929797,-0.91908531550165973) (0.13317504122545729,-0.99109253271054298) (-0.92893340511202505,-0.37024684855779599) (-0.84624301454036255,0.53279710992238094) (0.041664907546066533,0.99913164071566607) (-0.94825198343945927,0.31751878039437581) (-0.99864050951814898,-0.05212612348267736) (0.48637914416726435,0.87374786301261964) (0.24901201683724367,0.96850039518352793) (0.96563685939255195,-0.25989508610685508) (0.74627451442172732,-0.66563830202642105) (-0.25822332487941807,-0.96608525218441255) (-0.73647621219205484,-0.67646344237899858) (0.46952952857639169,0.88291676946065067) (-0.42264830728318881,-0.90629377596376237) (0.077774683919007048,-0.99697096173424138) (0.97480942369168855,0.22303943032988216) (0.66469641867829521,-0.74711355963886028) (0.99375944768317803,-0.11154443123896995) (-0.83181780450267029,-0.55504877273295405) (0.29415408112494246,-0.9557580115058103) (-0.99816464271388505,-0.060558616528640238) (0.47095993962659322,-0.88215459828020915) (0.98699824274065862,0.16073104500018587) (-0.9050519558154525,0.42530101960214484) (-0.99117142752284138,0.13258658024978892) (0.81578461262242918,-0.57835582975230249) (0.063326585094910903,0.99799285749960032) (0.67006367424768842,0.7423036255156561) (-0.22434692260943395,0.97450934234397035) (-0.99381484450111679,-0.11104978545329772) (-0.9591183115516968,-0.28300541416415254) (0.9660484929651495,0.25836081212088974) (0.98474875527861316,0.17398243870351673) (-0.97536934851646462,0.22057795441650055) (-0.23462157654676086,0.97208678409837013) (-0.70568869516471122,0.70852202895656491)
 (0.99999999999999989,-1.3877787807814457e-17) (-0.9643319902387586,0.26469569811796184) (0.32673480090948159,-0.94511606158960282) (-0.88850239175233303,0.45887198634301618) (-0.82380164111964316,0.56687816688295756) (0.49971471083312036,-0.86619005291966433) (0.99776315010556482,0.066848308066999471) (0.53008963989389146,-0.84794160982768463) (-0.8360756692432989,0.54861414063016201) (-0.98079540109332575,-0.19503943497196172) (0.69729675919313139,0.71678255393023849) (0.31738020680847734,0.94829837304838183) (0.96042579456095589,0.27853598177247513) (0.0050652905745117022,-0.99998717133341086) (-0.81935138584631129,-0.57329164175987157) (0.99972922293999344,-0.023269740002810749) (0.040433686492349762,0.99918222411962432) (-0.68648661544038025,-0.72714243915563892) (0.9894124959342806,0.14513067521752906) (-0.13460521045755308,0.990899307355534) (-0.28444722923989652,0.958691699024115) (0.74817911451742314,-0.66349680677447509) (0.177505111756036,0.9841198785211468) (0.69459237863230239,-0.71940352205554337) (0.27613174360980591,-0.96111979491164778) (0.29415408112494235,-0.95575801150581019) (-0.99912353100251883,-0.041858927328094792) (-0.21206159631118429,-0.97725630178062928) (-0.3437580056602032,0.93905826951500682) (0.99235308474696904,0.12343158102031553) (-0.96722816401377798,-0.25390880004154293) (-0.59856453468506232,0.80107458942176868) (-0.49127813116828811,-0.8710027542067782) (-0.29310510836736287,0.95608022437918694) (-0.67847312491616241,0.73462522333942382) (0.65371979774473976,0.75673669531520538) (-0.89070551193514758,-0.45458078600876611) (0.71404177180505424,-0.70010309820589967) (0.42851737547915336,-0.90353354055754831) (0.43886656805950242,0.89855224413479318) (-0.88941154323047866,-0.45710732521846215)
 (1,0) (-0.040754927301049321,0.99916917281343698) (-0.81226194487736414,-0.58329283632155438) (0.76570282973578341,0.64319450909862064) (-0.99453730899235882,0.10438170827419338) (0.17492613417717578,0.9845815596393378) (0.69271752129685449,-0.72120900971101509) (0.84990871222168785,0.52692995823892363) (-0.66106614040575351,-0.75032763377676726) (-0.99941945021107803,0.034069965362301613) (0.99840741806092015,0.056414781404585904) (-0.74336019184517377,-0.66889134033855435) (0.7003582832476245,-0.7137914787152071) (-0.74972691833300864,0.66174734448042238) (0.37430324088385297,0.92730635922754545) (-0.99857173799875432,-0.053427371918788658) (-0.48478796226862775,0.87463171200193401) (0.94295125546116065,0.33293081837556437) (-0.18533353104950551,0.9826756750162905) (-0.85506703880280421,0.51851746272715282) (-0.79350695451481401,-0.60856118273894622) (0.93822570309653941,-0.34602388652953464) (0.96929968102427067,0.24588234659334329) (0.8467435588491482,-0.532001264610791) (0.6945923786323025,-0.71940352205554348) (-0.83181780450267007,-0.55504877273295417) (-0.83177408613491599,-0.55511428520118833) (0.34621818203829885,0.93815402276283821) (0.28063449001923974,-0.9598147128543314) (-0.34119158624027329,-0.93999377736176948) (0.73257637043311874,-0.68068484740226065) (0.25030705084752897,-0.96816650442783525) (-0.87749866470198323,-0.47957907945013345) (-0.67718545882468106,-0.73581237714271086) (0.43069201306642318,0.90249896946245534) (0.22853034923526949,-0.97353678897020002) (0.97614565060627212,-0.21711671700369037) (0.25351362438120217,0.96733181600374762) (-0.98028285387012848,0.1975994089268448) (-0.49651203560600499,0.86802983733186367) (-0.092097850833724182,0.99574996152237416)
 (1,0) (-0.91174748250294391,-0.41075117546946172) (-0.25403849279851765,-0.96719410884096024) (0.19836718979782519,0.98012777636985415) (-0.99310847769669452,0.11719876930648104) (-0.7617281942119043,-0.64789671873121379) (-0.90102839967991044,-0.43376009840724317) (-0.065005761491986835,0.99788488863838798) (0.33673682365259472,0.94159880607207791) (0.97867202860538494,0.20542896686061901) (-0.20707294933582926,0.97832550495904069) (0.36394097976257272,-0.93142201136190628) (-0.80012273923216792,-0.59983631280843053) (-0.98831916004486597,-0.15239828702518821) (0.6663821691669507,0.74561035710104617) (-0.84821067198333644,0.52965899967203267) (0.56912340092613389,0.82225212345014453) (-0.95465149544605099,0.29772558210980188) (0.99556808548352871,0.09404353867577131) (0.99258687731632433,-0.12153719998185197) (0.93707992162715259,0.34911491014170304) (-0.92299733041231224,-0.38480635136617153) (-0.84313890735668806,0.53769580889325352) (0.96929968102427089,0.24588234659334346) (0.17750511175603595,0.98411987852114713) (0.99375944768317814,-0.11154443123896984) (-0.30499493724904259,-0.95235397214084916) (-0.83886377525063305,-0.54434140626288496) (-0.86426256082374686,-0.50304097840869755) (-0.9994837650748899,0.032127921683856864) (0.66886385694388695,-0.7433849210699317) (-0.93236080022208956,0.36152916647101246) (-0.47413027147580478,0.88045470392875957) (0.60702559234637299,-0.79468228257369389) (0.44989228669410053,-0.89308282391565141) (0.83763229633008329,-0.54623450654896644) (0.8942305822936657,-0.44760659701431249) (0.84482383421875307,-0.53504456742959872) (0.76301328119692013,0.64638280663791714) (-0.25739732305972485,0.96630565458434958) (-0.12183995147659565,-0.9925497600746177)
 (1.0000000000000002,-6.9388939039072284e-18) (0.8034970843909145,0.59530868914815982) (-0.94274462539016646,-0.33351547385084668) (0.64867822849201229,-0.76106278051187459) (0.71836658416619248,0.69566475457176657) (0.61666631023652319,0.78722465778154638) (-0.99963249523109277,0.027108568351366685) (-0.99930946316411917,0.037156383444048931) (0.81445336411321745,-0.58022902175318924) (0.6966610942250453,0.71740039015403589) (-0.61621886762928257,0.7875749533712233) (-0.73913917799829598,-0.67355272662799337) (-0.47718411290597412,0.87880334682461192) (0.23261310892562448,-0.97256935051231996) (0.35336657640114205,-0.93548493450324255) (0.77154684693366704,-0.63617251039848954) (-0.84293679264730725,-0.53801260542990204) (0.36282613978986727,-0.93185685182069888) (0.94501213510180848,-0.32703526493380125) (-0.00030501828639852707,0.9999999534819215) (0.54510984535014861,0.83836463218717472) (-0.95179816124192018,-0.30672505645365777) (-0.92299733041231191,-0.38480635136617136) (0.93822570309653952,-0.3460238865295347) (0.74817911451742325,-0.66349680677447509) (0.6646964186782951,-0.74711355963886006) (-0.71439545830917617,-0.69974218762857399) (0.10824517126326882,0.99412422910730058) (-0.99502110279339095,-0.099664462050540387) (0.41222712357070107,-0.91108111526506053) (0.30286187965754024,0.95303445994901093) (0.9701481550677703,-0.24251300422575664) (-0.99635196117577285,-0.085339143780508275) (0.65206961614367387,0.75815909656367131) (-0.87446548656742273,-0.48508773722121801) (0.85335248006021891,0.52133438863657755) (-0.87144716977240488,-0.49048937837191364) (-0.8279153608660722,0.56085306029476378) (-0.5720118407172835,0.82024536211991261) (-0.9811726547564692,0.19313265274971517) (0.16624409968326595,0.9860846309118203)
 (1,-5.5511151231257827e-17) (-0.77598198761550075,-0.63075506727754271) (-0.82574296726604468,-0.56404658673789365) (0.22134187956017931,0.97519627375865547) (-0.14841245496004379,0.98892554988367665) (-0.26402102263816057,0.96451692551509938) (-0.97606309955484205,-0.21748752995837384) (0.89244410225112247,-0.45115798159534892) (-0.62595095953297419,-0.7798624213665829) (-0.53910912051311144,0.84223592667350555) (0.96408337685943124,-0.26559977873355745) (0.32552298518739131,0.94553412741935938) (-0.61466658335755797,-0.78878703799159078) (0.99106333974357153,0.13339211602009188) (-0.88336014854078504,-0.46869483458856426) (0.90223915141062161,0.43123603010629952) (-0.88624337923594509,-0.46321989676659175) (0.018894555280353664,-0.99982148195603282) (0.37585541528504368,-0.92667831894401509) (-0.37293128871024572,-0.92785896228948284) (0.91731977436853351,-0.39815126717425153) (0.54510984535014884,0.83836463218717472) (0.93707992162715259,0.34911491014170282) (-0.79350695451481412,-0.60856118273894622) (-0.28444722923989652,0.95869169902411511) (0.97480942369168866,0.2230394303298821) (0.99613218767537803,0.08786731290454225) (-0.52218264994738917,-0.85283367668843901) (-0.51358282918285703,-0.85804002095970522) (-0.042476943049772342,0.99909744735393358) (0.98119993555690366,0.19299400628809193) (0.32436801446765473,-0.94593096534065935) (-0.96759482692903254,-0.25250792245031511) (0.47663988663575002,-0.87909863978273717) (-0.68856804998591603,0.7251717317564117) (-0.59165388321751611,0.80619208782624141) (-0.11276675027541505,0.99362148730405497) (-0.91054388474322701,-0.4134124259824718) (-0.58345572587791272,0.81214494761728218) (0.24096061922089917,0.97053489374915347) (0.83819832471713496,-0.54536553653617292)
 (0.99999999999999978,0) (0.88770278455318319,-0.46041694831589974) (-0.86938675148498346,0.49413224580307313) (-0.90223865825193561,-0.43123706189953948) (0.93223029164166582,-0.36186555976728835) (0.056582070103668336,-0.99839795139151999) (0.9999493848257931,-0.010061202041410588) (-0.1869875371957217,0.98236228598897191) (-0.76648744481843423,0.64225929104662161) (-0.7967174844375281,0.60435192561250062) (-0.99597920694673792,0.089584704775678148) (0.75425440892925433,0.65658227710682304) (-0.96938833782925271,-0.24553258537440403) (-0.57762348503166216,-0.81630331956931168) (0.69910909665737131,0.71501501450732741) (0.55509996574899079,0.83178364255704673) (0.89781063781300841,0.44038171922753422) (0.94200239377415129,0.33560615328650911) (0.90358887008048927,0.42840069312112861) (0.67879741369894919,-0.73432558933732983) (-0.37293128871024567,-0.92785896228948261) (-0.00030501828639845074,0.9999999534819215) (0.992586877316324,-0.1215371999818522) (-0.8550670388028041,0.51851746272715293) (-0.13460521045755303,0.990899307355534) (0.077774683919007048,-0.99697096173424105) (-0.99999045297615941,0.0043696632062596441) (-0.67733785658457413,0.73567209274065404) (-0.84163097778733698,0.54005305038369145) (-0.18580400107621275,-0.98258682730030056) (0.21980126987049131,-0.97554466928138095) (0.94644975136284648,-0.32285115478375775) (-0.32444083470148533,-0.94590599151194898) (0.47444546389236619,0.88028489808240895) (-0.72128890529806555,0.69263432999954455) (-0.9624705677737535,0.27138608322695723) (0.57082280131317231,-0.82107327900802085) (-0.90629605397564716,-0.42264342245937059) (0.46497019856965482,-0.8853263321748065) (-0.98375928040274563,-0.17949283612855216) (0.97675802875884887,-0.2143449398869221)
 (1,0) (0.66800709127850721,-0.74415490726167255) (-0.45095482524413638,-0.89254677501463842) (-0.51391393874345737,0.85784174739003372) (0.061978868383815708,0.9980774618604813) (-0.67971467546586573,0.73347662536466174) (-0.83567159981702732,0.54922943954166381) (-0.391269196513992,-0.92027627148552238) (-0.39134167650240359,-0.92024545216604459) (0.85773529939702187,0.51409158344433292) (-0.99519755181423886,0.097886837025948303) (-0.86047477823779672,-0.50949303824155801) (-0.80466340739017705,0.59373125301539398) (-0.99778396284694548,0.066536933243465116) (-0.3086407696019064,-0.9511786768738788) (-0.5975597521346967,-0.80182438390754818) (0.80704211244160373,0.59049388544318837) (-0.99902525783023099,0.044142204490032644) (-0.39426783668439841,0.91899557831156187) (0.90358887008048949,0.42840069312112872) (0.37585541528504379,-0.9266783189440152) (0.94501213510180848,-0.32703526493380131) (0.99556808548352871,0.094043538675771171) (-0.18533353104950548,0.98267567501629061) (0.98941249593428082,0.14513067521752904) (-0.42264830728318875,-0.90629377596376248) (0.49014118922572691,0.87164305459539393) (0.28689447687372305,-0.95796219087151457) (0.93510467060728109,0.35437163403473343) (-0.83709833468740857,0.54705244544153819) (0.36028466969295614,0.93284240726086021) (-0.61481099194629352,-0.78867448556550479) (0.21870566191735544,-0.97579087587724966) (-0.12960093881760215,0.99156623412538414) (-0.51953368018343593,-0.85444997229507547) (-0.83122539680139307,0.5559355535602718) (0.78923255552505711,-0.61409443353558202) (0.84187046118454811,0.53967965181662692) (0.13256704744490855,-0.99117404018251942) (0.94932677283969136,-0.31429075450890243) (0.15240253089875241,0.98831850563249801)
 (1,5.5511151231257827e-17) (-0.78474910878232318,-0.61981354959806356) (-0.62812026396049092,0.7781162728038814) (-0.50183620475436874,0.86496267179441522) (-0.03115826161827695,-0.99951446349361406) (-0.83745021228218552,0.54651362466870212) (0.04628046064665281,-0.99892848540940793) (0.50931024590647678,-0.86058298461838378) (0.49303937215944149,-0.87000699853542818) (0.71632233372255028,0.69776952800353731) (0.85618197847353505,-0.516674384634214) (-0.44684385076820765,0.89461196785569586) (-0.77098945136171659,-0.636847914253442) (0.84861705285772038,0.52900765362996172) (-0.17158878935915228,0.9851686593503981) (0.97059892871079034,-0.24070255417312791) (-0.49399377257215571,0.86946544075076926) (-0.068414457573330034,0.99765698614050069) (-0.99902525783023077,0.044142204490032644) (0.94200239377415129,0.33560615328650922) (0.018894555280353775,-0.99982148195603271) (0.36282613978986711,-0.93185685182069866) (-0.95465149544605066,0.29772558210980177) (0.94295125546116054,0.33293081837556443) (-0.68648661544038025,-0.72714243915563892) (0.46952952857639163,0.88291676946065056) (0.46293493068649816,-0.88639226640934055) (0.27627970431508769,0.96107727315943037) (0.15332762743510353,0.98817540885468436) (0.28679608732675954,-0.95799165147409404) (-0.73355928970836648,-0.67962546191454376) (0.25267488766089397,-0.96755123954525257) (0.17503413205779211,0.98456236603618685) (0.81512436581309722,0.57928599867232788) (-0.99988790678508144,-0.014972436840734571) (-0.90742525600544399,0.42021352282316538) (-0.8618547862684367,-0.50715513147969593) (0.7236558567050051,-0.69016099647585494) (0.97933844246283319,0.20222812641784677) (-0.66938031510875495,-0.74291991072046448) (-0.75430498419720993,0.65652417382397021)
 (1,0) (-0.94305824592175824,0.33262763685385144) (0.92434503193241502,-0.38155767839458427) (0.61713520410954115,-0.78685712797729446) (-0.86880197279677729,-0.49515970359514166) (0.015861909715515488,-0.99987419199626226) (-0.65642446392565412,-0.75439175708640838) (0.98808422938520946,0.15391411774180214) (0.42989787107679489,-0.9028775223936194) (0.77609020541263096,0.63062190975463328) (0.24989454383270021,-0.96827305909162131) (-0.83562940325185409,-0.54929363770296069) (0.37884864448861066,0.92545864552077295) (0.64028420408598197,0.76813809825966906) (-0.20956938595452473,-0.97779377808955403) (-0.72174420737559031,0.69215987973862048) (-0.99562722254416047,0.09341538272148886) (-0.4939937725721556,0.86946544075076937) (0.80704211244160362,0.59049388544318815) (0.89781063781300852,0.44038171922753416) (-0.88624337923594498,-0.46321989676659164) (-0.84293679264730714,-0.53801260542990192) (0.569123400926134,0.82225212345014431) (-0.48478796226862764,0.87463171200193401) (0.040433686492349741,0.99918222411962432) (-0.73647621219205461,-0.67646344237899847) (0.54692144411002697,0.83718393078976572) (-0.28974404685237815,-0.95710416743090543) (-0.98696522978206569,0.16093363601569927) (0.33151282882933564,-0.94345071112463164) (0.57235761647324801,-0.82000412124882804) (0.93459581328095309,0.35571149236103378) (0.2628200828749962,0.96484486008766179) (-0.70656124235915463,0.70765189945049123) (0.48357518176153519,0.87530282964486017) (0.77073639672043504,0.63715414678898674) (-0.94926515697033054,0.31447680639769765) (-0.83854653822186587,0.54482997644781295) (-0.53535905195322864,-0.84462458257603445) (-0.099333450468674311,-0.99505420235180519) (0.84369669153108151,-0.53682016793289977)
 (0.99999999999999989,0) (0.8829785043952012,-0.46941342202371511) (-0.022182194082471962,0.99975394486127878) (0.84987032744723268,-0.52699186571021728) (-0.87378860140745274,-0.48630595313075053) (0.91491191320261223,0.40365355328541064) (-0.96335654812957872,0.26822408761306998) (-0.72664141046156139,0.68701692890527344) (-0.99638857906255285,0.084910538295945082) (-0.89533377580681828,-0.44539581262008626) (-0.013108443138974801,0.99991408066817011) (0.94165508953683719,-0.33657939976975881) (0.91316831649026908,-0.40758266125821596) (0.34530575694281829,0.93849024194295627) (0.042162524861287132,0.99911076537955545) (-0.26981840060986817,0.9629112267973271) (-0.72174420737559042,0.69215987973862048) (0.97059892871079012,-0.2407025541731278) (-0.59755975213469648,-0.80182438390754807) (0.55509996574899079,0.83178364255704684) (0.90223915141062139,0.43123603010629946) (0.77154684693366704,-0.63617251039848943) (-0.848210671983336,0.52965899967203256) (-0.99857173799875421,-0.053427371918788713) (0.99972922293999333,-0.023269740002810846) (-0.25822332487941796,-0.96608525218441232) (0.87590525255722385,0.48248314845460316) (-0.99773532754866556,-0.06726229375628362) (-0.94758275324208974,0.3195104470250395) (-0.98372404493024412,-0.17968584648235136) (-0.48543980288776878,0.87427009429139535) (0.076189666791791733,-0.99709334300964803) (0.95316877769995667,-0.30243888840221916) (0.51849134615526793,-0.85508287549342155) (0.88350760311848486,-0.46841681783624112) (-0.021553084187437399,0.99976770530059123) (-0.79302505374128451,-0.60918902168262545) (-0.0067139552061938335,-0.99997746114874464) (-0.50462320185195386,-0.86333969221429996) (0.52540891393446243,-0.85084985347487008) (-0.99661323821079595,0.082231705704012892)
 (1,0) (-0.56285099841843289,0.82655837880900673) (0.57425414140202047,0.81867709207148875) (-0.58569011407570493,-0.81053506418537424) (0.93081471918990044,0.36549139324945445) (-0.996881611678332,0.07891167402616836) (0.34875649326585173,0.93721337400023663) (-0.71539867842182214,-0.69871648822130394) (-0.089420709025285761,0.99599394415699927) (-0.52448935456866375,-0.8514170053176916) (0.63805387699627669,0.76999172076719102) (0.48268054836517393,-0.87579648790680531) (-0.25529096657164696,-0.96686427299125843) (-0.64623415044748089,0.76313918966032912) (-0.1831703176473293,-0.98308119437459329) (0.042162524861287076,0.99911076537955545) (-0.20956938595452468,-0.97779377808955381) (-0.17158878935915228,0.9851686593503981) (-0.30864076960190628,-0.95117867687387858) (0.69910909665737131,0.71501501450732752) (-0.88336014854078504,-0.4686948345885642) (0.35336657640114189,-0.93548493450324233) (0.6663821691669507,0.74561035710104573) (0.37430324088385292,0.92730635922754534) (-0.81935138584631151,-0.57329164175987146) (0.7462745144217271,-0.66563830202642094) (-0.83326335784603545,-0.5528762759163669) (0.61717253775027781,-0.78682784562246022) (-0.43341546344258508,-0.90119422770502089) (0.89281118628012779,-0.45043111088497367) (-0.99094000263101933,0.13430529098153524) (-0.48868978189147294,-0.87245761907090102) (0.88148650121296268,0.47220922076906607) (0.99981104457018533,0.019439011175340637) (0.35172954574149817,-0.9361016646991287) (-0.90237481676325815,0.4309520739844237) (0.47814981532021317,0.87827828967204169) (-0.46522609528237568,0.88519188895307566) (-0.90312136548246036,0.42938537377173941) (-0.1046520107279782,0.99450890224803401) (0.99630174173774344,0.085923450875406149)
 (1.0000000000000002,0) (0.41639518439200141,-0.90918372753539345) (0.95342248530904694,0.30163813503454967) (0.98981654243634254,0.1423489104958853) (-0.13472149336068281,0.99088350436702077) (-0.92827671544388823,0.37189022515348374) (0.85163593667339399,0.5241337914754518) (0.49735973701352632,-0.86754440347329687) (0.99297139543083879,-0.1183545852771849) (0.85465194340401718,-0.51920136328378153) (-0.29863069714249108,-0.95436874777215397) (0.36135280585140001,0.93242916605140636) (0.91288821125118591,0.40820964437236307) (-0.76745021441540795,-0.64110854649875415) (-0.646234150447481,0.76313918966032923) (0.34530575694281829,0.93849024194295638) (0.64028420408598197,0.76813809825966906) (0.84861705285772038,0.52900765362996172) (-0.99778396284694515,0.066536933243465268) (-0.57762348503166228,-0.8163033195693119) (0.99106333974357164,0.13339211602009185) (0.23261310892562431,-0.97256935051231996) (-0.98831916004486575,-0.15239828702518798) (-0.74972691833300864,0.66174734448042249) (0.0050652905745116605,-0.99998717133341108) (0.96563685939255206,-0.25989508610685497) (0.049687711288889047,0.9987648028173971) (0.54728311057256196,-0.83694754727044973) (-0.99982323899675074,0.018801350005970052) (-0.68795593629740559,-0.72575245760049678) (-0.5808841951752286,0.813986211059885) (-0.24767161170107976,0.96884403943947017) (-0.96550777216432915,0.26037423430569012) (-0.7960040759127045,-0.60529126140260914) (-0.94454779730539795,0.32837396152180187) (0.23091138943309025,-0.97297478396414805) (0.42303564498357882,-0.90611304100168888) (-0.66891462954863101,0.74333923505746569) (-0.99262039979326988,0.12126311027781861) (-0.99976622886301847,-0.021621462138763814) (0.86246497226159669,-0.50611675690674662)
 (1,0) (0.86551751145102762,-0.50087866531887915) (-0.72843461884534733,-0.68511532318846569) (0.99429731292359991,0.10664358167705412) (-0.050371450626240225,-0.99873055273272238) (-0.0033668893710992048,-0.99999433201191934) (0.64760986155692601,0.76197209083681128) (0.45680826099828864,-0.88956518180722532) (-0.2425797315332861,0.97013147245579123) (-0.13695158570771915,-0.99057774211423855) (0.94934630491881566,0.31423175100074086) (0.59373940150797455,-0.80465739485631571) (-0.98662018010919772,-0.16303564089270842) (0.91288821125118613,0.40820964437236312) (-0.25529096657164696,-0.96686427299125866) (0.91316831649026931,-0.40758266125821602) (0.37884864448861078,0.92545864552077317) (-0.77098945136171682,-0.63684791425344212) (-0.80466340739017717,0.59373125301539398) (-0.96938833782925282,-0.24553258537440412) (-0.61466658335755808,-0.78878703799159078) (-0.47718411290597418,0.87880334682461214) (-0.80012273923216792,-0.59983631280843042) (0.7003582832476245,-0.71379147871520732) (0.960425794560956,0.27853598177247513) (0.24901201683724369,0.96850039518352793) (-0.85854896594975416,0.5127315799388692) (-0.84709564404983528,-0.53144046687450919) (-0.87182820037832309,-0.48981178938965519) (-0.95895183228692527,-0.28356900986100503) (0.58566205650767278,0.81055533775751842) (-0.050690928335973613,0.99871438849374661) (0.44093186449133215,0.89754057895796413) (0.87194642646779419,0.48960129633207222) (0.61152025574642521,0.79122877653168544) (-0.9879000430685102,-0.15509192404905234) (-0.16056621562493531,0.98702507080615143) (0.7557504387863323,0.65485973633616135) (-0.73576466159843767,-0.67723730164761153) (-0.57304572640902451,-0.81952339530019169) (-0.0028086896889765248,0.99999605562333682)
 (0.99999999999999989,5.5511151231257827e-17) (-0.87142440341970062,-0.4905298249083524) (-0.7432952268368116,0.66896353096533856) (-0.021711699284311603,0.99976427327354966) (-0.81395682393504054,0.58092537280581968) (0.75023620266869318,-0.6611699026765061) (0.75800623586582005,0.65224730462343183) (-0.96751832815839944,-0.25280087950317298) (0.9445385507645756,-0.32840055742881535) (-0.30240193978050844,-0.95318050064874238) (-0.9811066884403663,-0.19346748020682419) (0.6632237360576867,-0.74842118885670528) (0.59373940150797444,-0.80465739485631538) (0.36135280585139995,0.93242916605140636) (0.48268054836517404,-0.87579648790680531) (0.94165508953683741,-0.33657939976975887) (-0.83562940325185409,-0.54929363770296069) (-0.4468438507682076,0.89461196785569586) (-0.86047477823779639,-0.50949303824155801) (0.75425440892925433,0.65658227710682315) (0.32552298518739103,0.94553412741935938) (-0.73913917799829587,-0.67355272662799326) (0.36394097976257261,-0.93142201136190628) (-0.74336019184517355,-0.66889134033855413) (0.31738020680847739,0.94829837304838194) (0.48637914416726424,0.87374786301261964) (-0.48835306246922616,0.87264614041255517) (-0.89523407361791851,0.44559617753462277) (0.9991829965040786,-0.04041459510042672) (-0.28087449323445046,0.95974450717380622) (-0.11275864028902755,-0.99362240767817345) (-0.1568369576584937,-0.98762450795453027) (0.371952058731091,-0.92825194101908681) (-0.97695944314435423,0.21342503707642357) (-0.23851019115995492,0.97113999439465115) (0.7640921211500441,-0.64510714644656264) (-0.43452832122656548,-0.90065816936950249) (0.094873702994322018,0.99548931711000543) (0.9816692651476121,0.19059237619733704) (-0.96156807543423195,0.27456663363509065) (0.91780533019042077,0.39703069890633502)
 (1.0000000000000002,5.5511151231257827e-17) (0.10702162863913184,-0.99425669271241424) (0.10080134066610985,0.99490657336250177) (0.29603262465574076,0.95517782906610327) (0.44424126759817972,-0.89590719171282585) (-0.12618644019305292,-0.99200654348215134) (-0.91554503395468612,0.40221547807228097) (-0.30096463360780845,-0.95363530205069402) (0.57441239656732446,-0.81856606249574293) (-0.96147431979038778,-0.27489476601712803) (-0.37148104681891703,-0.92844053759749301) (-0.98110668844036653,-0.19346748020682414) (0.94934630491881555,0.31423175100074086) (-0.29863069714249102,-0.95436874777215408) (0.6380538769962768,0.76999172076719125) (-0.013108443138974801,0.99991408066817045) (0.24989454383270032,-0.96827305909162142) (0.85618197847353517,-0.51667438463421422) (-0.99519755181423886,0.097886837025948248) (-0.99597920694673836,0.089584704775678314) (0.96408337685943146,-0.26559977873355756) (-0.61621886762928257,0.7875749533712233) (-0.20707294933582909,0.97832550495904069) (0.99840741806092037,0.056414781404585834) (0.69729675919313161,0.71678255393023882) (-0.99864050951814931,-0.052126123482677367) (-0.98853824716687722,0.15097063915953224) (-0.98361839680050056,-0.18026327822275073) (0.99472485339470151,0.10257907212920953) (0.78191468708733014,-0.62338545228223308) (-0.49798908005175441,-0.86718330020198631) (-0.99873722356001537,0.05023901149139598) (-0.9730797205911208,0.23046877743916952) (-0.21549394321064574,0.97650517686263549) (0.62836158357850802,-0.77792141009404636) (0.20632938387740574,0.97848259327837384) (0.14060538246649384,0.99006571823361877) (0.44352715107727897,-0.8962609364784746) (-0.52104736663881568,0.85352776271118169) (0.94442642454325498,0.32872287511586729) (0.94444738386438243,0.32866265244430098)
 (1,0) (0.17963866235755274,-0.98373266235618639) (-0.90768950005206916,0.41964243290595127) (0.91922198850312176,0.39373968031221807) (0.20989690121365495,-0.97772352475579971) (0.51733647103420966,0.85578208425852886) (-0.25254542986282696,0.96758503804854312) (0.97718848761351085,0.21237386768531741) (0.99232182608027841,0.123682632106141) (-0.96312040587662628,0.26907077839119659) (-0.96147431979038778,-0.27489476601712809) (-0.3024019397805085,-0.95318050064874249) (-0.13695158570771895,-0.99057774211423844) (0.8546519434040174,-0.51920136328378153) (-0.52448935456866375,-0.85141700531769171) (-0.89533377580681828,-0.44539581262008637) (0.77609020541263096,0.63062190975463339) (0.71632233372255039,0.69776952800353742) (0.85773529939702164,0.51409158344433292) (-0.79671748443752832,0.60435192561250073) (-0.53910912051311155,0.84223592667350566) (0.6966610942250453,0.71740039015403578) (0.97867202860538505,0.2054289668606189) (-0.99941945021107814,0.034069965362301613) (-0.98079540109332597,-0.19503943497196177) (-0.94825198343945938,0.31751878039437575) (0.4634926105280785,-0.88610078432753203) (-0.39595287957362862,-0.91827082996104736) (0.68277217265910917,0.73063134359426463) (0.89760638144094229,-0.4407978947278432) (-0.16439045084928894,0.98639534653685867) (-0.92674307118629196,0.37569572796107337) (0.051916924645959456,0.99865140711626987) (0.94826182663362557,-0.31748938273501426) (-0.37619098754738456,-0.92654214199254004) (0.29951454417576251,-0.95409173449264584) (-0.91076612798126566,-0.41292258369095602) (-0.74555289016937532,0.66644646293613974) (0.92308130839151104,-0.38460485969136726) (-0.69228820042120576,0.72162112466138884) (-0.52219865117540498,-0.85282387906917045)
 (1,-5.5511151231257827e-17) (0.48456251847516563,0.87475663226351486) (0.50091444395918772,-0.86549680521250916) (-0.57603050191430216,-0.81742819921040089) (0.97361617101849307,0.22819191819888862) (-0.99579658496404233,-0.091592365260168285) (0.7502128432604791,0.6611964078902951) (-0.19549971078408868,0.98070375908494356) (-0.042761273919804832,-0.99908531840516845) (0.99232182608027841,0.12368263210614078) (0.57441239656732423,-0.81856606249574293) (0.9445385507645756,-0.32840055742881558) (-0.24257973153328594,0.97013147245579112) (0.99297139543083879,-0.11835458527718495) (-0.08942070902528565,0.99599394415699949) (-0.99638857906255296,0.084910538295945193) (0.42989787107679489,-0.9028775223936194) (0.49303937215944138,-0.8700069985354284) (-0.39134167650240365,-0.92024545216604436) (-0.76648744481843434,0.64225929104662161) (-0.62595095953297419,-0.7798624213665829) (0.81445336411321745,-0.58022902175318947) (0.33673682365259494,0.94159880607207769) (-0.66106614040575351,-0.75032763377676737) (-0.83607566924329879,0.54861414063016212) (0.041664907546066665,0.99913164071566596) (0.54786572918700793,0.83656628116509035) (-0.89600604760341718,0.44404184786808465) (-0.43999701720740769,-0.89799923432516593) (-0.91042619505648492,0.41367154042183435) (-0.300068547273876,-0.95391764159016734) (-0.92671911280461339,0.37575482160929424) (-0.87878471487807863,-0.47721842472462767) (0.73721808210815354,0.67565486708287481) (-0.041633932658929784,-0.99913293192215069) (0.9923994581907738,0.12305817885317422) (-0.96861869485314367,-0.24855145137575319) (0.75073953238367841,0.66059833069448282) (0.7652105394325277,-0.64378011024058557) (-0.64888039702008582,0.76089041941862801) (-0.69224218434433493,0.72166526742956383)
 (1,5.5511151231257827e-17) (-0.96913837602926867,0.24651735863292104) (-0.99549555651490218,-0.094808211453894009) (-0.56515409627797186,0.82498536196724781) (0.86201611751595031,-0.50688086681460676) (0.93331843237247325,0.35904972328883583) (0.043836478142200874,-0.9990387195620043) (-0.79599355766044932,0.60530509345540973) (-0.19549971078408879,0.98070375908494334) (0.97718848761351063,0.21237386768531724) (-0.30096463360780834,-0.95363530205069369) (-0.96751832815839922,-0.25280087950317287) (0.45680826099828842,-0.88956518180722477) (0.4973597370135262,-0.86754440347329653) (-0.71539867842182203,-0.69871648822130394) (-0.72664141046156139,0.68701692890527344) (0.98808422938520923,0.15391411774180219) (0.50931024590647667,-0.86058298461838367) (-0.39126919651399183,-0.92027627148552216) (-0.18698753719572175,0.9823622859889718) (0.89244410225112236,-0.45115798159534881) (-0.99930946316411884,0.037156383444048979) (-0.065005761491986669,0.99788488863838753) (0.84990871222168773,0.52692995823892352) (0.53008963989389135,-0.84794160982768452) (-0.84624301454036222,0.53279710992238083) (0.041586215545183602,0.9991349191558816) (0.95362867246584648,0.30098563927707106) (-0.24916381276452526,-0.96846135411210121) (-0.12591445535957929,0.99204110294458103) (-0.99983832183356935,0.017981384625014418) (0.56326979137918076,0.82627304332142826) (0.6847064772133673,-0.72881893503260575) (-0.02273680515324028,-0.99974148543082109) (0.28665265318540167,0.95803457997181474) (-0.66252497148056899,0.74903982682142611) (0.94696218013782052,0.32134503168498979) (-0.72007972954426291,0.69389133378322332) (0.84597851921383671,-0.53321697743860852) (-0.79106905992378751,-0.61172685279566907) (-0.5712024755729872,-0.82080919335695213)
 (1,0) (0.43255067580274464,0.90160962331964356) (-0.98824291992019386,-0.15289189392381219) (-0.027315587809191189,-0.99962685971448351) (-0.4659313836550974,0.8848208551595329) (-0.55865894222469381,-0.82939748388356438) (0.99267099795930891,0.12084820979423055) (0.043836478142200819,-0.99903871956200452) (0.75021284326047888,0.66119640789029521) (-0.25254542986282685,0.96758503804854312) (-0.91554503395468578,0.40221547807228086) (0.75800623586581994,0.65224730462343172) (0.6476098615569259,0.76197209083681106) (0.85163593667339388,0.52413379147545169) (0.34875649326585167,0.93721337400023663) (-0.96335654812957894,0.26822408761306998) (-0.65642446392565412,-0.75439175708640838) (0.04628046064665281,-0.99892848540940782) (-0.8356715998170271,0.5492294395416637) (0.99994938482579321,-0.010061202041410644) (-0.97606309955484205,-0.21748752995837384) (-0.99963249523109265,0.027108568351366713) (-0.90102839967991033,-0.43376009840724289) (0.69271752129685438,-0.72120900971101498) (0.99776315010556482,0.066848308066999484) (-0.92893340511202505,-0.37024684855779605) (0.68896387186952834,0.72479568380237314) (0.60176076436401293,-0.79867639408714131) (0.95055471187254703,0.31055714407641533) (0.9913278197569072,0.1314121523148381) (0.94391096141252206,0.33020008619818486) (-0.48799433892743665,-0.8728467936440939) (-0.33616264158468367,0.94180394902697628) (0.03573295338820115,-0.99936137409955883) (-0.95010029592379841,-0.31194459072968789) (-0.96191714026199127,-0.27334120668167494) (0.74535544106352747,0.66666728319079493) (-0.77653578596097983,-0.6300731490247492) (0.77862059946924767,-0.62749498968688955) (-0.56219385528483967,0.82700548310151434) (-0.75396379577753536,-0.65691597229533893)
 (1,5.5511151231257827e-17) (0.19985964577387827,0.97982453632838817) (-0.2000062489087191,0.97979462153936359) (0.27378799461126008,-0.96179006753383867) (0.10267189592175602,-0.99471527674396976) (0.78407828099850096,0.62066194443226319) (-0.55865894222469381,-0.82939748388356449) (0.93331843237247347,0.359049723288836) (-0.99579658496404244,-0.091592365260168507) (0.51733647103420966,0.85578208425852875) (-0.12618644019305286,-0.99200654348215123) (0.75023620266869329,-0.6611699026765061) (-0.0033668893710991354,-0.99999433201191912) (-0.92827671544388846,0.37189022515348369) (-0.99688161167833211,0.078911674026168332) (0.91491191320261234,0.40365355328541075) (0.015861909715515599,-0.99987419199626237) (-0.83745021228218575,0.54651362466870224) (-0.67971467546586561,0.73347662536466152) (0.05658207010366828,-0.99839795139152021) (-0.26402102263816069,0.96451692551509938) (0.61666631023652319,0.78722465778154638) (-0.7617281942119043,-0.64789671873121357) (0.17492613417717573,0.98458155963933791) (0.49971471083312047,-0.86619005291966444) (0.13317504122545737,-0.99109253271054298) (-0.41434580610490557,0.91011952674540364) (0.1724818970854326,-0.98501268782580231) (0.78448308057246996,-0.62015022074939885) (-0.8107864304632274,0.58534209158123884) (0.55483492742619167,-0.83196045777907834) (-0.090687906306604116,0.99587936199608273) (0.6268408847603365,-0.77914729364407032) (0.12915388147419216,0.99162456348163919) (-0.81281752335561486,-0.58251838917415066) (0.90481290285107696,-0.42580935973063067) (-0.50425048721113763,0.86355743650745787) (-0.23815401358356669,-0.97122740170056931) (0.52651520351827885,0.85016571353125403) (-0.66478674654762171,0.74703318642121064) (-0.78433333960820151,0.62033959439894437)
 (1,0) (-0.92637933996550925,0.37659171324534885) (-0.965726141777417,-0.25956313121802238) (0.13984016822090134,-0.99017408941657847) (0.97532637048798876,0.22076791214015912) (0.10267189592175602,-0.99471527674396976) (-0.46593138365509745,0.88482085515953302) (0.86201611751595053,-0.50688086681460676) (0.97361617101849296,0.22819191819888868) (0.20989690121365501,-0.97772352475579971) (0.44424126759817978,-0.89590719171282585) (-0.81395682393504065,0.58092537280581968) (-0.0503714506262401,-0.99873055273272193) (-0.1347214933606829,0.99088350436702077) (0.93081471918990055,0.36549139324945462) (-0.87378860140745285,-0.48630595313075076) (-0.8688019727967774,-0.49515970359514183) (-0.031158261618277006,-0.99951446349361406) (0.061978868383815611,0.99807746186048107) (0.93223029164166593,-0.36186555976728835) (-0.14841245496004396,0.98892554988367654) (0.71836658416619237,0.69566475457176669) (-0.9931084776966943,0.1171987693064811) (-0.99453730899235882,0.1043817082741933) (-0.82380164111964338,0.56687816688295756) (0.39405860329297981,-0.91908531550165962) (-0.0033786854563249702,-0.99999429222600411) (0.38486803594786784,0.92297161110492987) (0.97023249515359344,0.24217536073686791) (-0.97499037814487621,0.22224707540237998) (-0.93805237457270751,0.34649349569436999) (-0.15691083774472547,0.98761277280027526) (-0.45964989566955372,-0.88810020460022798) (0.99979523554721572,0.020235784568119475) (-0.26833831594373397,0.96332473662648199) (0.31472922886512711,0.94918149607857583) (0.93119933853660186,-0.36451034540736443) (0.58637714907092753,0.81003817135209832) (-0.99588849610555219,0.090587545085519805) (0.61795897020428936,-0.78621034789937261) (-0.66231407642839246,-0.74922631037944987)
 (1,-5.5511151231257827e-17) (0.3253546912848822,0.94559204991313317) (-0.99124822358129405,-0.13201120879277722) (0.25343842233590735,-0.96735152146667347) (0.13984016822090134,-0.99017408941657858) (0.27378799461126002,-0.96179006753383878) (-0.027315587809191189,-0.99962685971448373) (-0.56515409627797197,0.82498536196724803) (-0.57603050191430216,-0.817428199210401) (0.91922198850312176,0.39373968031221784) (0.29603262465574071,0.95517782906610327) (-0.021711699284311547,0.99976427327354978) (0.99429731292359991,0.10664358167705412) (0.98981654243634276,0.14234891049588544) (-0.58569011407570493,-0.81053506418537458) (0.84987032744723301,-0.52699186571021739) (0.61713520410954148,-0.78685712797729457) (-0.50183620475436885,0.86496267179441533) (-0.51391393874345748,0.85784174739003372) (-0.90223865825193583,-0.4312370618995397) (0.2213418795601792,0.9751962737586557) (0.64867822849201229,-0.76106278051187459) (0.19836718979782531,0.98012777636985404) (0.76570282973578352,0.64319450909862064) (-0.88850239175233325,0.45887198634301624) (0.61801069258140862,0.78616969151389293) (-0.94834445096477493,-0.31724249766435919) (-0.71725609894075237,0.69680965014291685) (0.26584340890521857,0.96401622493693218) (-0.67734711265283643,0.73566357051363374) (-0.10190328077219657,0.99479431108539418) (-0.66665010603609165,-0.74537080444706783) (-0.93725517914874157,0.34864412967790098) (-0.88201821435627681,-0.47121531123655741) (0.45835912752820362,-0.8887670730914744) (-0.57744826272281657,-0.81642728021447375) (0.98032510429004494,-0.19738969045701354) (-0.99526775031427595,-0.097170495441577409) (-0.40967585665860268,-0.91223116175180186) (0.92636959584066947,-0.37661568196504364) (0.74501439575236106,-0.66704838664203714)
 (1,0) (0.94763473390445108,-0.31935624480795854) (0.98134452658606475,0.19225743194887082) (-0.99124822358129405,-0.13201120879277717) (-0.96572614177741689,-0.25956313121802221) (-0.20000624890871904,0.97979462153936348) (-0.98824291992019375,-0.15289189392381208) (-0.9954955565149024,-0.094808211453893843) (0.50091444395918772,-0.86549680521250905) (-0.90768950005206894,0.41964243290595138) (0.1008013406661098,0.99490657336250155) (-0.74329522683681148,0.66896353096533856) (-0.72843461884534699,-0.68511532318846546) (0.95342248530904694,0.30163813503454961) (0.57425414140202036,0.81867709207148887) (-0.022182194082471907,0.99975394486127889) (0.92434503193241491,-0.38155767839458427) (-0.62812026396049081,0.77811627280388151) (-0.45095482524413638,-0.89254677501463808) (-0.86938675148498334,0.49413224580307313) (-0.82574296726604457,-0.56404658673789354) (-0.94274462539016646,-0.33351547385084657) (-0.25403849279851781,-0.9671941088409598) (-0.81226194487736414,-0.58329283632155415) (0.32673480090948159,-0.94511606158960293) (0.86083557794663279,-0.50888319656016223) (-0.67583430435260383,-0.73705358900166384) (0.90543028614729715,-0.42449499046187) (0.59608555715628786,0.80292092297416073) (-0.23459429167100343,0.9720933691345609) (0.8803911201721013,-0.47424832685220325) (0.26428047733800969,0.96444586644248442) (-0.94482329300635914,-0.32758044049152196) (0.8147596827290744,0.57979880941514439) (0.57930887385909657,0.8151081085770806) (0.91918803739483101,-0.39381893289967712) (0.46867137628541999,0.88337259469078599) (-0.27450337331930796,0.96158613656620617) (0.30328791388829085,-0.95289896698930798) (0.75758543552350188,-0.65273601699512951) (-0.20395007921911645,-0.97898128949766772)
 (1,2.7755575615628914e-17) (0.75121365131789308,0.66005912619525231) (0.94763473390445108,-0.31935624480795832) (0.32535469128488204,0.94559204991313317) (-0.92637933996550925,0.3765917132453489) (0.19985964577387827,0.97982453632838828) (0.43255067580274464,0.90160962331964367) (-0.969138376029269,0.24651735863292112) (0.48456251847516552,0.87475663226351497) (0.17963866235755269,-0.98373266235618639) (0.10702162863913173,-0.99425669271241413) (-0.87142440341970062,-0.4905298249083524) (0.86551751145102751,-0.50087866531887903) (0.41639518439200157,-0.90918372753539334) (-0.56285099841843311,0.82655837880900673) (0.88297850439520131,-0.46941342202371517) (-0.94305824592175824,0.33262763685385133) (-0.78474910878232329,-0.61981354959806367) (0.66800709127850699,-0.74415490726167244) (0.8877027845531833,-0.46041694831589985) (-0.77598198761550052,-0.63075506727754282) (0.80349708439091438,0.59530868914815982) (-0.9117474825029438,-0.41075117546946149) (-0.040754927301049376,0.99916917281343687) (-0.96433199023875871,0.26469569811796179) (-0.96911895725118691,0.24659368746254021) (-0.90637453732558926,-0.42247508575988929) (0.44159259119946559,0.89721568387859907) (0.67418920654287395,-0.73855867321499247) (-0.79147007675441272,0.6112079168354787) (0.99901056356839146,0.044473518848479526) (0.98342946200390668,0.18129118363204566) (-0.26783038101482004,0.96346607984166011) (-0.70576231630141917,0.70844869460593696) (0.52769151499453759,-0.84943608647312052) (-0.89919781398910836,0.43754233088606342) (-0.71862136789754094,-0.69540155996450626) (-0.51058688777055716,-0.85982616268451428) (-0.03595069666559092,-0.99935356476537407) (0.48450673802919653,0.87478752894877732) (0.49297545081056593,-0.87004322013226443)


# name: N
# type: scalar
41


# name: argn
# type: sq_string
# elements: 1
# length: 1
x


# name: defect
# type: scalar
0


# name: info
# type: complex matrix
# rows: 1
# columns: 40
 (-1.1102230246251565e-15,-5.5511151231257827e-16) (-6.6613381477509392e-16,-4.4408920985006262e-16) (-1.6653345369377348e-15,-1.1102230246251565e-16) (-1.3322676295501878e-15,-1.3045120539345589e-15) (2.2898349882893854e-16,-2.2204460492503131e-16) (1.3877787807814457e-16,1.5543122344752192e-15) (-9.9920072216264089e-16,0) (-2.2204460492503131e-16,0) (-2.7755575615628914e-16,-1.1102230246251565e-16) (3.3306690738754696e-16,-1.3322676295501878e-15) (-3.3306690738754696e-16,-3.3306690738754696e-16) (-7.7715611723760958e-16,3.9551695252271202e-16) (-3.3306690738754696e-16,-2.9976021664879227e-15) (3.3306690738754696e-16,-4.9960036108132044e-16) (-2.3314683517128287e-15,-1.6653345369377348e-15) (-1.1102230246251565e-16,-1.1102230246251565e-15) (2.5673907444456745e-16,-6.6613381477509392e-16) (-1.6653345369377348e-16,2.2204460492503131e-16) (8.8817841970012523e-16,3.3306690738754696e-16) (2.2898349882893854e-16,-4.4408920985006262e-16) (8.3266726846886741e-16,3.3306690738754696e-16) (-6.6613381477509392e-16,-8.8817841970012523e-16) (-6.6613381477509392e-16,-1.1796119636642288e-15) (1.1102230246251565e-16,-2.2204460492503131e-16) (-5.5511151231257827e-16,1.2212453270876722e-15) (-8.8817841970012523e-16,9.9920072216264089e-16) (-8.8817841970012523e-16,-8.8817841970012523e-16) (8.8817841970012523e-16,-1.609823385706477e-15) (-9.9920072216264089e-16,-6.6613381477509392e-16) (0,2.2204460492503131e-16) (4.4408920985006262e-16,-3.5735303605122226e-16) (3.3306690738754696e-16,-9.9920072216264089e-16) (1.6653345369377348e-15,1.6653345369377348e-15) (-8.8817841970012523e-16,-1.6653345369377348e-16) (-2.2204460492503131e-16,1.7763568394002505e-15) (-5.5511151231257827e-17,1.7763568394002505e-15) (5.5511151231257827e-17,-1.1102230246251565e-15) (4.4408920985006262e-16,-5.5511151231257827e-16) (8.8817841970012523e-16,6.6613381477509392e-16) (-1.1102230246251565e-16,1.6653345369377348e-15)


# name: is_convergent
# type: scalar
4.5585682955179295e-14


# name: is_unimodular
# type: matrix
# rows: 1
# columns: 41
 1.7856232791907782 1.785623279190778 1.7856232791907778 1.7856232791907771 1.7856232791907785 1.7856232791907778 1.7856232791907778 1.7856232791907778 1.7856232791907778 1.7856232791907778 1.7856232791907785 1.785623279190778 1.7856232791907776 1.785623279190778 1.7856232791907782 1.7856232791907778 1.785623279190778 1.785623279190778 1.7856232791907789 1.7856232791907785 1.7856232791907789 1.7856232791907785 1.785623279190778 1.7856232791907776 1.7856232791907782 1.785623279190778 1.785623279190778 1.7856232791907787 1.7856232791907785 1.7856232791907776 1.785623279190778 1.7856232791907782 1.7856232791907787 1.7856232791907778 1.7856232791907778 1.7856232791907778 1.7856232791907773 1.7856232791907785 1.785623279190778 1.7856232791907789 1.7856232791907787


# name: spectrum
# type: scalar
6.4031242374328476


# name: x
# type: complex matrix
# rows: 1
# columns: 41
 (1.4155196516879196,-1.0884643360594499) (-1.6074379660014773,0.77755622346236841) (1.5876701430105904,0.81716217006219638) (-1.6741221576625998,-0.6211002305676161) (-0.40508255421772804,1.7390683193757714) (-0.085165123541464424,1.7835911518395109) (1.7832580875490869,0.091875395938191218) (-0.33875110605544567,-1.7531965615224776) (-0.41572623307899659,-1.736554690851392) (-1.5353316333943889,0.91170569302080395) (-0.26730673421999523,-1.7655020829862167) (1.7622608084172069,0.28790161219548505) (1.1382418413408844,1.3758110356473154) (-1.5128988738412799,-0.94846586270556643) (1.6606425656295722,-0.65629015260573553) (0.73859860863574434,-1.6257067972144821) (-0.25411306680254525,1.7674493046388156) (-0.015506330355381397,1.7855559495313882) (-1.3787108285082028,1.134727697089595) (0.43809248499067049,-1.7310475065066029) (0.045729742616474958,1.7850376146816238) (-1.3554211870788944,1.1624473754994975) (1.7696824026142908,0.23806446409604726) (1.2918506231988631,1.2327093990591351) (1.5099529879691849,-0.95314871311404414) (1.4470418300208918,-1.0461933078345587) (1.3994167637776651,-1.1090911668776708) (1.7848712935599469,-0.051816605578440741) (-0.49590091810048609,-1.7153812330252198) (1.406870520925487,1.0996207676007552) (1.7460902843410422,0.37365654566439122) (-1.599788685697132,-0.79317504770603509) (1.1817532287241448,1.3386223521173133) (1.7313775707098946,-0.43678622097169018) (1.205810567026655,-1.3169933073614624) (0.12236727801966596,1.7814254810286296) (0.55570950423435239,1.6969494518375128) (-1.0912465770497961,1.4133758888792223) (-1.6912347873530731,-0.57286594351107378) (0.8491941933336512,-1.5707704215436578) (-1.7518530333219897,-0.34563194995337598)


# name: x0
# type: complex matrix
# rows: 1
# columns: 41
 (1.4155196516879196,-1.0884643360594499) (-1.6074379660014773,0.77755622346236841) (1.5876701430105904,0.81716217006219638) (-1.6741221576625998,-0.6211002305676161) (-0.40508255421772804,1.7390683193757714) (-0.085165123541464424,1.7835911518395109) (1.7832580875490869,0.091875395938191218) (-0.33875110605544567,-1.7531965615224776) (-0.41572623307899659,-1.736554690851392) (-1.5353316333943889,0.91170569302080395) (-0.26730673421999523,-1.7655020829862167) (1.7622608084172069,0.28790161219548505) (1.1382418413408844,1.3758110356473154) (-1.5128988738412799,-0.94846586270556643) (1.6606425656295722,-0.65629015260573553) (0.73859860863574434,-1.6257067972144821) (-0.25411306680254525,1.7674493046388156) (-0.015506330355381397,1.7855559495313882) (-1.3787108285082028,1.134727697089595) (0.43809248499067049,-1.7310475065066029) (0.045729742616474958,1.7850376146816238) (-1.3554211870788944,1.1624473754994975) (1.7696824026142908,0.23806446409604726) (1.2918506231988631,1.2327093990591351) (1.5099529879691849,-0.95314871311404414) (1.4470418300208918,-1.0461933078345587) (1.3994167637776651,-1.1090911668776708) (1.7848712935599469,-0.051816605578440741) (-0.49590091810048609,-1.7153812330252198) (1.406870520925487,1.0996207676007552) (1.7460902843410422,0.37365654566439122) (-1.599788685697132,-0.79317504770603509) (1.1817532287241448,1.3386223521173133) (1.7313775707098946,-0.43678622097169018) (1.205810567026655,-1.3169933073614624) (0.12236727801966596,1.7814254810286296) (0.55570950423435239,1.6969494518375128) (-1.0912465770497961,1.4133758888792223) (-1.6912347873530731,-0.57286594351107378) (0.8491941933336512,-1.5707704215436578) (-1.7518530333219897,-0.34563194995337598)


