# Created by Octave 5.2.0, Fri Sep 17 22:07:18 2021 CEST <ania@ania-bania>
# name: F_norm
# type: scalar
2.7984700388672858e-13


# name: H
# type: complex matrix
# rows: 46
# columns: 46
 (1,0) (1,2.7755575615628914e-17) (1,2.7755575615628914e-17) (1,2.7755575615628914e-17) (0.99999999999999989,8.3266726846886741e-17) (0.99999999999999989,2.775557561562891e-17) (1,2.7755575615628914e-17) (0.99999999999999978,2.7755575615628907e-17) (1,2.7755575615628914e-17) (1,2.7755575615628914e-17) (1,2.7755575615628914e-17) (1,8.3266726846886741e-17) (1,8.3266726846886741e-17) (1,2.7755575615628914e-17) (1,2.7755575615628914e-17) (1,-8.3266726846886741e-17) (1,-2.7755575615628914e-17) (1,8.3266726846886741e-17) (0.99999999999999989,4.163336342344337e-17) (1,8.3266726846886741e-17) (1,5.5511151231257827e-17) (1,2.7755575615628914e-17) (0.99999999999999989,4.163336342344337e-17) (1.0000000000000002,2.775557561562892e-17) (1,5.5511151231257827e-17) (1,8.3266726846886741e-17) (1,2.7755575615628914e-17) (1,2.7755575615628914e-17) (1,2.7755575615628914e-17) (1,8.3266726846886741e-17) (1,3.4694469519536142e-17) (1,2.7755575615628914e-17) (1.0000000000000002,3.4694469519536148e-17) (1,-2.7755575615628914e-17) (1,-2.7755575615628914e-17) (1,-2.7755575615628914e-17) (1,2.7755575615628914e-17) (0.99999999999999989,2.775557561562891e-17) (1,8.3266726846886741e-17) (1,-2.7755575615628914e-17) (1,2.7755575615628914e-17) (1,4.163336342344337e-17) (0.99999999999999989,-2.7755575615628914e-17) (1,2.7755575615628914e-17) (1,8.3266726846886741e-17) (1,2.7755575615628914e-17)
 (0.99999999999999989,0) (0.90701743503392041,-0.42109306874429681) (0.22617751232209948,-0.97408610138929075) (-0.15640670476051288,0.98769273699160021) (0.18995419681023806,0.98179295328199323) (0.7022762851546509,-0.71190450153751927) (0.90317593728107581,0.42927057471535501) (-0.9963873000301553,-0.084925545854103529) (-0.49104453508316265,-0.87113446985236487) (0.35424700885198979,-0.93515188965184681) (-0.99907452921672013,-0.043012615247025182) (-0.76338591956655433,-0.6459426737780436) (0.95853328420282435,-0.28498060122637742) (0.87891233525186119,-0.47698334031926221) (-0.97296738002340466,0.23094258466205864) (0.64510251829923615,0.76409602857493275) (-0.68971006862181083,0.72408564496314787) (0.99967267369893797,0.025584086061795783) (0.86350545870261752,0.50433949160340674) (0.87289830495464338,0.48790219225507836) (-0.96015362786600855,0.27947273730319871) (-0.9561772716394128,-0.29278836247400453) (-0.43449816189264528,-0.90067271931146764) (-0.95225624844130152,-0.30529991369880577) (-0.98438415054001915,0.17603364498187676) (0.1342882787232339,0.99094230820848073) (-0.090537100880205862,-0.99589308329971316) (0.38671690542475357,0.92219847921079467) (-0.56220119346891173,0.82700049459606262) (-0.63020891704118032,-0.77642560550369755) (-0.97380756069944685,0.22737377756591437) (0.30028486702013552,0.95384956813886546) (0.89897609654234989,0.43799769159834678) (-0.82396069692161,0.56664695351555139) (-0.17127560750776474,0.98522315557078077) (-0.95267194010211997,0.30400028707562621) (0.95096397618006878,-0.30930165859205083) (-0.99999618043851779,-0.00276389369857441) (-0.48447706296949411,0.874803964015055) (0.20166733000324449,-0.97945407651883387) (0.73948821152087885,-0.67316950690123578) (-0.037229899588812183,0.99930672697456013) (0.77785190169667029,-0.62844762631970696) (0.67139674137302496,-0.74109811474168763) (-0.23645695741845946,-0.97164196455711271) (0.7561617556697765,-0.65438474864746243)
 (1,5.5511151231257827e-17) (0.96140877804577074,0.27512390208147641) (0.48544341492057641,-0.87426808869490968) (0.45486837867542085,0.89055867750597673) (-0.77800972051210038,-0.62825223818836007) (0.26668633532892416,0.96378337739806907) (0.93417826021843986,0.35680663970174248) (-0.32282679417966309,-0.94645806085620154) (-0.28126133066708592,0.95963121243078564) (-0.84609030451035283,-0.53303958259549489) (-0.89944735246183716,0.43702912963484686) (0.11190934372508821,0.99371842027156787) (-0.42969622692865622,-0.90297350601403437) (0.99734857676742594,-0.072772360274969305) (-0.99985725078157117,0.016896095984538728) (-0.2190445252325175,-0.97571486406924279) (-0.71560965519432196,-0.69850040901395638) (-0.99749810706477171,0.070693184977033918) (0.29859856197956336,0.9543788025641271) (-0.17988948552705125,0.98368682668663077) (-0.58994255717509225,-0.80744521748147913) (0.74699519597517239,0.66482943465975808) (-0.53205804713269489,0.84670788025230026) (-0.54311374650009225,0.83965913224512356) (0.66248399098245825,0.74907607203270998) (0.39099993840529734,-0.92039070408552792) (0.88326660854373484,0.46887108914034115) (0.97465143581388936,0.22372880607093204) (-0.61110151639443755,-0.791552232427159) (0.80885652613882142,0.58800605449488219) (0.19654559561974116,0.9804946857798269) (0.17804310481239283,-0.98402268918392499) (-0.75898156185046339,0.65111211689772108) (-0.84495884409820321,-0.53483133021563767) (0.27929732913679634,-0.96020466669197813) (0.5451802148034266,-0.83831887333334543) (-0.99595082607724184,-0.08989967761932538) (-0.92040782258988685,-0.39095964000820377) (0.93974986059861765,-0.34186283726793154) (0.1480561025495053,0.98897896362756343) (0.17700450343451485,-0.98421004148702929) (-0.012120338829628707,0.99992654599558262) (-0.070991542713061295,0.99747691745885536) (0.69606680227707884,-0.71797702384391215) (-0.35232434491346526,-0.93587795998265566) (-0.23645695741845946,-0.97164196455711305)
 (1,0) (0.19468111356247561,0.98086658828918982) (0.7346890903581671,0.67840396557559202) (-0.78496496919173153,0.61954014974158444) (-0.41197649905289718,-0.91119447113561802) (0.1254844220850817,-0.99209559005872672) (-0.9161416505813349,-0.40085468198601309) (0.63545143123991588,-0.77214084112624304) (-0.56735090072015493,-0.82347614139817582) (-0.77450662227831013,0.63256580056705813) (-0.74726227562231529,0.6645292254158266) (-0.4694627904838361,0.88295225711877023) (-0.98684002788458558,0.16169959605623552) (0.76312728651445805,-0.6462482066335512) (-0.067114827506368935,-0.99774525803372782) (0.88730108565248123,-0.46119061503886699) (-0.70254768374392684,0.71163667138930053) (0.86118908151560603,-0.50828472914136136) (0.64160004718393404,-0.76703935978121351) (-0.90253370420173673,-0.43061922017008558) (0.99071914506290493,0.13592488957445281) (-0.99547872149766203,0.094984814814685015) (0.86955184785630901,0.49384165872238694) (0.44466106960701512,0.89569890765588489) (0.80453567575947726,0.59390432430673656) (-0.58112258188994792,-0.81381603868291996) (0.52249479892969686,-0.85264247201943721) (-0.94615208802785511,-0.32372245260489835) (-0.48764906653862683,-0.8730397401630734) (-0.89145938442644868,-0.45310061346020813) (0.59553325370826482,-0.80333065653418689) (-0.26104739362743506,-0.96532598549936643) (0.64399661177988587,0.76502834196912439) (0.8785231289658153,0.47769981355670776) (0.56104376451048088,0.82778614043961163) (-0.97742414171757042,-0.21128664696963434) (0.87716836957484645,0.48018293536672563) (-0.32546445608280244,0.94555427545261828) (0.41199211828395871,0.91118740908327822) (0.99568982231166459,0.0927457694181546) (-0.7970684694059299,0.60388894266983162) (-0.43847246846673488,0.89874462134506694) (-0.90949965152386858,0.41570468349293621) (-0.86535633364046272,0.50115707700114964) (0.69606680227707873,-0.71797702384391215) (0.67139674137302507,-0.74109811474168785)
 (1,-5.5511151231257827e-17) (0.92103982962748354,0.38946839697179153) (0.64717470217127993,0.76234172447106441) (-0.98616295938757625,-0.16577882112000336) (-0.024565314495459178,-0.99969822712843737) (-0.37289218101643357,-0.92787467975842941) (0.98615581853941525,-0.1658212940513264) (0.2363564537969155,0.97166641742346271) (-0.53185303089234925,-0.84683667464902679) (-0.8289727346691157,-0.55928901757070915) (0.98145840136084617,0.19167526287502928) (0.68942722605452678,0.72435495440754827) (-0.85955615093132787,0.51104131280760579) (-0.98471390605564135,-0.17417957176615739) (-0.99490386549951737,0.100828063623772) (0.99779754438505452,0.066332951232061954) (-0.89855093118012119,0.43886925624306139) (-0.99765710253708229,-0.068412760193651334) (0.67478022012017858,0.73801873589670075) (0.89148881658810231,0.45304270206940334) (0.54312803118248287,0.83964989236219201) (-0.29800615344240733,-0.95456394888475704) (-0.28604345566835337,0.95821664641630377) (0.090539547290223565,-0.99589286089241624) (0.19568206522782056,-0.98066738976483525) (-0.97254134808870396,0.23273015760276239) (-0.99232978571064767,-0.12361875420607044) (0.55085340805991345,0.83460201463259087) (0.98188802537992148,0.18946214823948293) (-0.93711961196806037,0.34900835643983247) (0.4752352940491269,0.87985874735098268) (0.3923213117025196,0.91982823852283147) (0.85417778210261797,-0.51998107327310783) (-0.45059992817931604,-0.89272599644280315) (-0.99782720640735056,0.065885249891786846) (-0.069773856521601896,-0.99756283458542272) (-0.7430787710236455,-0.66920395998080329) (-0.23037664756971499,-0.97310153645677711) (0.10100377561349216,-0.99488604237461298) (0.81785374495940744,0.57542614804670811) (0.98217434619050836,0.18797221519482132) (0.22171389300954292,-0.9751117626439304) (-0.57208600362669493,0.82019363838939707) (-0.90949965152386869,0.41570468349293627) (-0.070991542713061295,0.99747691745885536) (0.77785190169667051,-0.62844762631970708)
 (1,0) (0.97016017622520512,0.24246490976361834) (0.96560544587310781,-0.26001177454145857) (-0.99120364886808909,-0.1323454814891204) (0.60914980127881568,-0.79305518067911263) (-0.13678809354833046,-0.99060033185105201) (0.67511221843424873,-0.73771504832203882) (-0.82646715162871465,-0.56298494409594924) (0.99738410726052718,-0.072283764318975652) (-0.88658942952677866,-0.46255722181302261) (0.25194220124688749,0.96774228347782376) (0.0038858158113376784,-0.99999245018924054) (0.36173507324106113,0.93228093233063847) (-0.93797309816770169,0.34670804304729391) (0.81295819572980443,0.5823220517855574) (-0.12229434924891183,-0.99249387511550224) (-0.9979673705139801,0.063726975366892646) (-0.96871347381925621,-0.24818179957650033) (-0.28993347797297309,-0.95704680050167645) (-0.4336809489569301,0.90106649838500696) (-0.64750810264605052,-0.76205856533977245) (0.39175615335293162,-0.92006908235746876) (-0.99737097124188601,0.072464789546496461) (0.95798846062926457,-0.28680674556427799) (-0.55907013863193444,0.82912036526071986) (0.73724446150384948,0.67562608296445981) (-0.34666253222317778,0.93798991932355835) (0.39532607625723581,-0.91854085017001741) (-0.76919587722275007,-0.63901306908663857) (0.18723633440337706,-0.9823148960894299) (0.99561680854428325,0.093526309368525906) (-0.99272858564424593,0.12037422998621888) (-0.66669982657687732,0.74532633204681731) (-0.89170247494449018,0.45262202352279701) (0.92708250287686278,0.37485735001407194) (0.95392679838643546,0.30003943627497587) (0.29099501026688956,-0.95672457060523564) (0.15471557212021442,0.98795905367758829) (0.57935724023835644,0.81507373174664155) (-0.5538692088957855,-0.83260368689860864) (0.8503246510827992,0.526258479989554) (-0.78697553060899961,0.61698420905456308) (0.22171389300954286,-0.9751117626439304) (-0.43847246846673482,0.89874462134506672) (-0.012120338829628707,0.99992654599558262) (-0.037229899588812176,0.99930672697456013)
 (1,-5.5511151231257827e-17) (-0.45456930431015108,-0.8907113716457119) (-0.9065246150691515,-0.4221529607544251) (0.98976133830530266,-0.14273224301501519) (-0.99543197641189163,0.095473453570698003) (-0.98482096837423738,0.17357321294033051) (-0.96397647403954512,-0.26598751380147045) (0.70462183173358328,0.70958302843600352) (0.9988736932354807,0.047448339929972549) (-0.96828504533442716,-0.24984809581365106) (0.46768047997062617,-0.88389760077423229) (-0.91698830659696295,-0.39891408293570541) (-0.94849709215016453,0.31678583646161068) (0.61801104997559198,-0.78616941056496659) (-0.58456516952650417,-0.81134675852957594) (0.99318501432945427,-0.11654839042819057) (0.56567271531668362,-0.82462984371550074) (0.075350330667690424,0.99715712285891522) (-0.67589709334193515,0.73699601030936679) (-0.98414856639124848,-0.1773459874653239) (-0.99180762787543597,-0.12774047631076613) (0.9028658849821608,-0.42992231127888669) (0.084080602864334747,0.99645895661686479) (0.19914610782117304,-0.97996980960623403) (0.48388278502577903,0.87513281869422299) (-0.40897465160706525,0.91254574369884556) (-0.81739963464730725,-0.57607103492403555) (0.080210449677075524,0.99677795108168499) (0.82274831955270478,-0.56840584327855082) (0.99966600425525254,-0.02584337316099164) (0.99693842720290438,-0.078190615589086854) (0.96926605553967582,-0.24601486454797603) (-0.29118453103191722,0.95666690592270553) (-0.99594347635623859,-0.089981064138243083) (-0.94447017494808894,0.32859715250367977) (-0.038106290747760896,0.99927369154073475) (-0.046945843117049302,-0.99889743608341941) (0.96618604594119939,0.2578459319603692) (-0.30809239224736751,0.95135644100373618) (-0.43687211345753424,-0.89952362752912007) (-0.20656903163746057,0.97843202889539627) (0.85032465108279942,0.526258479989554) (0.98217434619050836,0.18797221519482127) (-0.79706846940592979,0.60388894266983173) (0.17700450343451468,-0.98421004148702929) (0.73948821152087907,-0.673169506901236)
 (0.99999999999999989,5.5511151231257827e-17) (0.95419571429761418,0.29918311920304907) (-0.88008760887430892,-0.47481133169491757) (0.97147110779781487,-0.23715793622412507) (-0.39323709012368208,0.91943710548958146) (-0.98886965024823481,0.14878445758187986) (-0.53379455522808372,-0.84561419856152598) (0.46005186825969024,0.88789204214857598) (0.84900768519679515,-0.52838049782025354) (0.91197035314407304,-0.41025610901761683) (0.51135476193377782,0.85936971522601868) (-0.93708478778506965,-0.34910184832196278) (-0.65256425948523999,-0.75773338796867062) (-0.99671550102187489,0.080982776086723551) (-0.92139327413468586,0.38863148917626755) (0.83259776251594841,-0.55387811461858316) (-0.98237343169969416,0.18692897231452893) (0.97896436499227479,-0.20403130170459638) (-0.92899264366860324,0.37009818698504704) (-0.91326975458936166,-0.40735531830612903) (0.80594240400424277,0.59199395387779219) (0.3959274543561575,0.9182817927450444) (-0.15477647277790474,-0.98794951463849134) (0.82179825304784027,-0.56977858093080125) (-0.69038228237936594,0.72344474853070639) (-0.9951325896368769,-0.098545060975182674) (0.48086487874623352,0.87679471279676979) (0.8165051973743821,-0.57733808350101168) (-0.31035022151278724,-0.9506222909268246) (-0.52089804717885146,-0.85361889883323117) (-0.88548465765509865,-0.46466861423753703) (-0.34780109669020753,0.93756834265086442) (0.5871278941718534,0.80949418520785277) (0.41825252514582589,-0.9083307906314414) (0.84185641047284121,-0.53970156952317916) (0.99551175478621934,0.094637973786751484) (-0.44586775500898956,0.89509884652101013) (-0.63983792044294807,0.7685098799386012) (-0.99783908974843771,0.065705030020611344) (0.31082662217622037,0.95046662800254067) (-0.43687211345753396,-0.89952362752911974) (-0.5538692088957855,-0.83260368689860864) (0.81785374495940744,0.57542614804670822) (0.99568982231166436,0.092745769418154655) (0.14805610254950524,0.9889789636275631) (0.20166733000324455,-0.97945407651883387)
 (1,0) (0.5953571071651097,0.80346120936109566) (0.9463891024487755,0.32302889463050111) (0.90099390498897991,0.43383174523392193) (-0.80589265360236273,0.59206167826481015) (-0.83031890711877665,0.55728853611130569) (0.091159404883653206,-0.99583631330719224) (-0.77687204825611955,0.62965849524829121) (0.92999599320118864,0.3675696568403547) (0.92197625547172446,-0.38724641295477397) (-0.5503379266309566,-0.83494201386176525) (0.99929459559811007,-0.037554110406337771) (-0.13501999238525675,-0.99084287435308638) (0.15887740859586685,-0.98729831815812552) (0.49442902821243628,0.86921800260976356) (0.26425664630511725,-0.96445239638023272) (-0.9995799274238425,0.028982213361777587) (-0.35742390599058399,-0.93394226343304276) (-0.11979446964370677,0.99279871325600788) (-0.072426302486768956,-0.99737376680364753) (0.066698949247742834,0.99777314564446407) (0.66508858208886179,-0.74676447289291181) (0.87216894816368939,0.48920478928465727) (-0.99883823093648616,0.048189090255702394) (-0.83396364305696769,-0.5518193926088063) (0.41164851402268487,-0.91134269125445699) (-0.98104458522075588,0.19378215038810181) (-0.89200866349065566,-0.45201830079944283) (-0.97557347668548466,0.21967337478128257) (-0.93219973964152958,-0.36194425732737651) (-0.55673801940669154,0.83068813507062644) (0.99969272171282753,-0.024788347149431122) (-0.82219771142557974,-0.56920200572954849) (0.1373637672915487,-0.99052066885829049) (-0.38995706847489231,0.92083303847465703) (-0.88291343464850647,-0.46953579939891571) (0.41025960453621396,0.91196878065303855) (0.96591338653360992,0.25886546643995367) (0.83984233628865845,-0.54283040645970626) (-0.99783908974843794,0.065705030020611621) (-0.30809239224736751,0.95135644100373606) (0.57935724023835677,0.81507373174664177) (0.10100377561349205,-0.99488604237461309) (0.41199211828395876,0.91118740908327811) (0.93974986059861743,-0.34186283726793171) (-0.48447706296949411,0.87480396401505511)
 (1,0) (-0.80780302874413201,-0.58945251441639268) (-0.79275988826868016,-0.6095340511835512) (0.9998042724998818,-0.019784253611993655) (0.96937102885743087,-0.24560091288895364) (0.93561821492898789,-0.35301353499985721) (0.60772833423307859,0.79414499417316076) (0.94622003824240886,-0.32352378464115383) (-0.1290103345039135,-0.99164324915323698) (-0.97303858341515281,-0.23064239676485107) (0.7580920661423648,0.65214754408185949) (0.92631819767722445,-0.37674208240123597) (-0.73949134314997811,-0.6731660667370587) (-0.41903128419443991,0.90797179629455427) (0.83686898648919661,-0.54740323295770354) (0.98827190174123147,-0.15270444731169541) (0.49927027139982166,-0.86644630306577541) (0.4874480616431246,0.87315198402131711) (-0.94186541660422962,0.33599038231018158) (0.99232154486516055,0.12368488831067215) (0.65129998171350278,-0.75882035675118253) (-0.96232408893948107,0.27190503461098153) (0.22567307589490918,0.97420309115508974) (-0.31044947020798797,0.95058988341323147) (-0.66756143915003596,-0.74455471589395894) (-0.99843709629793387,0.055887071279065094) (0.17131508218664601,0.98521629230102803) (-0.45551111435190339,0.89023009649297313) (-0.84709228464082975,-0.53144582160553355) (0.16102500421225538,-0.98695032702686936) (-0.35675549856161476,-0.93419779182251084) (0.21852512930408374,0.97583132141914475) (-0.077109419369558133,-0.9970226363751683) (-0.48175911586213577,-0.87630368838875417) (-0.19459208681541063,-0.98088425400188051) (-0.9154912139920004,0.40233796378598674) (0.32542290354819625,0.94556857701927788) (-0.60124336598124062,0.7990659640252169) (0.96591338653360981,0.25886546643995378) (-0.63983792044294829,0.76850987993860154) (0.96618604594119928,0.25784593196036926) (0.15471557212021439,0.98795905367758841) (-0.23037664756971499,-0.97310153645677711) (-0.32546445608280244,0.94555427545261828) (-0.92040782258988674,-0.39095964000820377) (-0.99999618043851801,-0.0027638936985744343)
 (0.99999999999999989,1.3877787807814457e-17) (-0.9058501141458446,0.42359836012661756) (0.75507515083418086,-0.65563825131907805) (-0.72412190282217448,0.68967200164512577) (-0.21204291198320957,-0.9772603560350136) (-0.5035358797351176,0.86397431548592984) (-0.99679122531624631,-0.080045319241891608) (0.54041719357096674,0.84139720518485228) (0.74830519918704508,0.66335460265957069) (0.97367233790149954,0.22795214060286489) (-0.96296641488179713,-0.2696213712035796) (0.16019569135548686,0.98708527517694133) (-0.77881194077778892,0.62725749170650258) (0.97169372757780204,0.23624415291379447) (-0.19530449482889936,0.98074265447141018) (-0.95892261727899941,-0.28366778821500571) (0.56877887918281189,-0.82249047811846676) (-0.5189134154951085,0.85482680539346723) (0.016687520553558377,-0.9998607536341122) (0.98653890832303825,0.16352670229900707) (0.98690564285606841,-0.16129864258217122) (0.84345044781573175,-0.53720698253042198) (-0.66509200426346204,-0.7467614249978447) (-0.079770741894716016,0.99681323663842181) (-0.13552786088128782,0.99077353564017978) (-0.6460579118216434,0.76328839541333093) (-0.14878684574516943,-0.98886929092433828) (0.84082160989655119,-0.54131231311597949) (0.48255448151927915,0.87586595570649961) (-0.12396001735445683,-0.992287213511029) (-0.070356570803883356,-0.99752190599741641) (-0.78223701755707808,0.62298093739969895) (0.22827295123758948,-0.97359717529031531) (-0.63064236407823338,-0.77607358454583231) (-0.9449676336696613,0.32716382947502176) (-0.48598891822147877,-0.87396497147535457) (0.74431239286535755,-0.66783161188060314) (0.32542290354819614,0.94556857701927766) (0.41025960453621385,0.91196878065303855) (-0.44586775500898962,0.89509884652101002) (-0.046945843117049274,-0.9988974360834193) (0.29099501026688968,-0.95672457060523586) (-0.7430787710236455,-0.66920395998080318) (0.87716836957484634,0.48018293536672557) (-0.99595082607724184,-0.089899677619325297) (0.950963976180069,-0.30930165859205094)
 (0.99999999999999989,5.5511151231257827e-17) (0.9927856910687316,-0.11990234196704402) (-0.10500237929082445,0.99447197061720449) (0.2411178034300962,0.97049585515294456) (-0.59534333450185661,-0.8034714145905949) (-0.63762611283584758,-0.7703459873523375) (-0.95967114364906536,0.28112505410812377) (0.88717144102664036,0.46143995733650384) (0.71807586250854372,-0.69596483796425468) (0.98576419226690337,-0.16813374808283099) (-0.832352033518729,-0.55424732051425918) (0.27739382636348969,0.96075629849375621) (0.1350030077762216,0.99084518866035454) (-0.65184050933476023,0.75835608416508427) (-0.94926340629200723,-0.3144820908651168) (-0.98197949805752183,0.1889874741740763) (0.97852174235190981,-0.20614363862264312) (0.81053553286121316,-0.58568946547585199) (-0.98345804328867659,0.18113607341114552) (0.7451980285236437,-0.66684323366476161) (-0.9809549180827638,-0.19423554949915384) (-0.90062366495755675,-0.43459983216565912) (-0.64585649433298609,-0.76345883237271273) (0.10272353613211066,0.99470994522248313) (0.2156510007589818,-0.97647050435312654) (-0.95057628990535337,-0.31049109016165638) (0.60087117027005965,0.79934588054126476) (0.97321961871206852,-0.22987730151960734) (-0.33302187246314496,0.9429191017585451) (0.64411348269519941,-0.76492994542654758) (0.039191033369489092,0.99923173633718809) (0.99814327954437221,-0.060909715977054357) (-0.99546419842277645,-0.095136899563207422) (0.057636726900502422,0.99833762210596699) (0.98089277300461464,-0.1945491399809266) (0.94677517734403704,-0.32189557866669682) (-0.48598891822147855,-0.87396497147535435) (-0.91549121399200017,0.40233796378598657) (-0.88291343464850613,-0.46953579939891571) (0.99551175478621934,0.094637973786751484) (-0.038106290747761007,0.99927369154073431) (0.95392679838643535,0.30003943627497598) (-0.069773856521601785,-0.99756283458542261) (-0.97742414171757008,-0.21128664696963434) (0.5451802148034266,-0.8383188733333452) (-0.95267194010211997,0.30400028707562604)
 (1,0) (-0.99210247332403578,0.12542999013127454) (-0.40488135077736948,0.91436923165245143) (0.84128703414475081,0.54058868484267153) (0.99210462324355286,-0.12541298393216138) (0.9005402017021481,0.43477275112207325) (-0.061123016025972643,0.9981302404555682) (-0.99407075218486241,-0.10873518129208437) (-0.27175681457215528,0.9623659562420086) (0.098604568937149195,0.99512669494126271) (0.983306070736649,0.18195925712217309) (0.027804875817761532,-0.99961336969888503) (-0.25821852015626273,-0.96608653641809483) (-0.3181209974910239,-0.94805012048694826) (-0.70742720651384061,0.70678621059272539) (0.072294432605316816,0.9973833340367565) (-0.77064106983524472,0.63726944182440592) (-0.99196615002452138,-0.12650358574178638) (-0.97765928886392595,-0.21019589648250248) (0.80422130347374732,0.59432995468761962) (0.76205163937418552,-0.64751625379376987) (-0.69562366283076693,-0.71840637504820892) (0.30410782814688686,-0.95263761675664749) (-0.082907099577339383,-0.9965572802602336) (-0.029024028812693281,0.99957871413485033) (-0.92431783915252907,-0.38162354778551028) (0.50892649281105828,-0.86080998188626834) (0.74332398816615586,-0.66893157244725854) (0.62410248955889081,-0.78134248734239187) (-0.99944137628391838,0.033420583054582065) (0.70283330332040472,-0.71135458650642647) (0.99937689661467888,-0.035296154362958798) (-0.76399659013394761,-0.64522028041878987) (-0.98041061496285531,0.19696452997470665) (0.91172010069150244,0.41081194967415119) (0.98089277300461486,-0.19454913998092643) (-0.94496763366966152,0.32716382947502165) (-0.19459208681541051,-0.9808842540018804) (-0.38995706847489253,0.92083303847465703) (0.84185641047284121,-0.53970156952317927) (-0.94447017494808883,0.32859715250367949) (0.92708250287686278,0.37485735001407217) (-0.99782720640735056,0.06588524989178679) (0.56104376451048088,0.82778614043961163) (0.27929732913679634,-0.9602046666919779) (-0.17127560750776494,0.98522315557078088)
 (1,5.5511151231257827e-17) (-0.57022060418280862,-0.82149160833534585) (0.99756958432732257,-0.069677287727162862) (-0.39105383451882619,0.92036780610151925) (0.97846715561175701,0.20640258086816154) (-0.88666148152692426,-0.4624190925734788) (0.66039649282914892,-0.750917087473019) (-0.99966370259442383,0.025932252412930956) (0.83839628393146948,-0.54506116270552862) (0.44860383746711713,-0.89373071839887963) (-0.97415126155933818,0.2258967011763352) (-0.6541905118592094,0.75632980517323745) (-0.90758429205476066,0.41986992368525144) (-0.59741607086877191,0.80193144237379776) (0.74589587235974353,-0.66606257033157024) (0.087318948086615888,0.99618040600337399) (-0.4939325529280667,0.86950022033232588) (0.74296357569887339,0.66933184982095728) (-0.46473567234103452,0.88544946487855936) (-0.52212097959425285,0.85287143384424502) (-0.18007534407183456,0.98365282008308763) (0.5474409421109534,0.83684431939320258) (0.9838609848344757,0.1789345202037218) (0.90169137075150951,0.43238023996508568) (0.90809570937146966,-0.41876268054964866) (0.27423234968290555,0.96166346420532867) (0.9917210261003192,0.12841108359690345) (-0.035248570035995797,-0.99937857607135983) (0.95298733635850441,-0.30301012646498093) (0.17899434504881734,0.98385010262770489) (-0.4213478637869662,-0.90689910005587793) (0.29767575781296224,-0.95466703264042763) (0.24347046456602417,-0.96990831158620616) (-0.073177927927386532,-0.99731890128697287) (-0.98041061496285509,0.19696452997470659) (0.057636726900502533,0.99833762210596722) (-0.63064236407823326,-0.77607358454583231) (-0.4817591158621356,-0.87630368838875405) (0.13736376729154892,-0.99052066885829038) (0.41825252514582595,-0.90833079063144162) (-0.99594347635623837,-0.08998106413824325) (-0.89170247494449029,0.4526220235227969) (-0.45059992817931582,-0.89272599644280304) (0.87852312896581519,0.47769981355670776) (-0.84495884409820321,-0.53483133021563767) (-0.82396069692161011,0.56664695351555139)
 (1,0) (-0.98595782244107,-0.1669945279560503) (0.97505934793909044,0.22194429029960747) (0.63634315038862255,-0.77140611544988658) (0.68725597608523392,0.72641532427058153) (-0.99983581458083248,-0.018120261628439799) (0.043944883475426591,0.99903395698861586) (0.98690812356826696,-0.16128346361286891) (0.063165070226783582,-0.99800309313310542) (-0.3784094651738511,0.92563830769196298) (0.8959915894123015,-0.44407102101174967) (-0.47412639951478963,-0.88045678899259083) (0.85552105768364373,-0.51776801741693201) (0.94665937085464702,-0.32223599360264565) (-0.84665067460130905,0.53214907234453535) (-0.73633945671630574,-0.6766122999788996) (0.29045982474192056,0.95688718781834115) (0.91055487008198266,-0.41338822983967999) (0.28936211719271837,-0.95721970578010351) (0.99969607317012066,0.024652815016586893) (-0.76337486756935469,0.64595573498767744) (-0.88225713567165109,0.47076782659444194) (-0.91047982462173394,0.41355348983750384) (0.46018971046656598,0.88782060709396615) (0.64283262761296389,0.76600666633927772) (0.035645606380772382,-0.99936449343857869) (-0.97275177532834678,-0.23184905347132895) (0.32794598231987182,-0.94469647648345489) (-0.39546717362921613,-0.91848011115196204) (0.37763537475688225,0.9259543853410005) (-0.1918889907155481,0.98141663692958125) (-0.99056290741621766,0.13705884302419369) (-0.97745640996679173,0.21113731696417859) (0.24347046456602398,-0.96990831158620594) (-0.76399659013394761,-0.64522028041878976) (-0.99546419842277656,-0.095136899563207422) (0.22827295123758942,-0.97359717529031498) (-0.077109419369558119,-0.99702263637516819) (-0.82219771142557951,-0.56920200572954838) (0.58712789417185351,0.80949418520785266) (-0.2911845310319171,0.95666690592270531) (-0.66669982657687721,0.74532633204681731) (0.85417778210261774,-0.51998107327310794) (0.64399661177988565,0.76502834196912417) (-0.75898156185046328,0.65111211689772097) (0.89897609654235,0.43799769159834689)
 (1,0) (0.63094920118458186,-0.77582414600509719) (0.057406258095406892,0.99835090100198964) (0.072447048077782572,0.99737226010392732) (0.99897581391327939,0.04524735590398693) (0.90792702444511719,-0.41912828380131639) (-0.99996441621856813,-0.0084360118929758809) (-0.40071876417688312,-0.91620110894745765) (-0.90383517998820673,-0.42788078645305755) (-0.99960650520151795,0.028050575017444845) (-0.022265031194458829,-0.99975210346660925) (-0.97776961351189384,0.20968209960033057) (-0.94458493592700188,-0.32826711504471884) (0.075893932620444693,-0.9971158964691138) (-0.5280386533149235,0.84922033690047849) (-0.98952495182351641,0.14436193999343583) (0.86785605536881283,-0.49681572756876846) (0.66125507808938233,0.75016113049197963) (0.93905504288137798,-0.34376681986348501) (0.34278048271589434,-0.93941553141783829) (-0.75708298997254253,0.65331871723855883) (0.65357118862708996,-0.75686504833858792) (0.98423795476428055,0.1768492250518135) (0.84218671556677638,-0.53918599399729117) (-0.89504617094410466,-0.44597348786480218) (-0.28071647292935825,0.95979073856028729) (-0.8735350713045853,0.48676121373923581) (-0.57815112142796188,-0.81592970333944281) (0.88800712240745816,0.4598296973376409) (-0.029023419211919921,0.99957873183519186) (-0.87719635429822351,-0.4801318110747369) (-0.8444413904404825,0.53564796098832035) (-0.99056290741621789,0.13705884302419369) (0.29767575781296207,-0.95466703264042763) (0.99937689661467899,-0.035296154362958909) (0.99814327954437232,-0.060909715977054413) (-0.78223701755707808,0.62298093739969884) (0.21852512930408374,0.97583132141914453) (0.99969272171282753,-0.024788347149431011) (-0.34780109669020765,0.93756834265086453) (0.96926605553967571,-0.24601486454797594) (-0.99272858564424604,0.12037422998621883) (0.3923213117025196,0.91982823852283147) (-0.26104739362743506,-0.96532598549936632) (0.17804310481239272,-0.98402268918392499) (0.30028486702013557,0.95384956813886546)
 (1,0) (-0.12929583190391172,-0.99160606485250802) (-0.93768914721270857,0.34747526991068656) (-0.39365566684042497,0.91925797030236356) (-0.041353428373211376,0.99914458111015281) (-0.4277049932783365,-0.9039183805658445) (0.31094893388527911,-0.95042662026881908) (0.38799517602686839,-0.92166140386797113) (0.58152202144427179,0.813530662344922) (0.44533602307659648,0.89536351642800549) (0.31453136664858006,-0.94924708026634308) (0.55287818287278534,0.83326209256349104) (0.19400661174116665,0.98100022150900279) (-0.14176133536687185,0.98990086564009161) (0.98908096035005866,0.14737317894721141) (-0.15943979445300302,0.98720765391318999) (-0.60485565922306028,-0.79633512512373761) (-0.18821820806747735,-0.98212723521541168) (0.99383279331121466,0.11088903885970397) (0.44730598121968496,-0.89438099217564782) (0.93173977000499453,0.36312670101638167) (-0.10960610790335501,-0.99397510085025709) (-0.53778155133463112,0.84308422061151078) (-0.71248191966586483,0.70169046890295217) (0.4272370677033161,0.90413963964659416) (-0.8065180141114302,-0.59120951693435664) (0.47843405502858538,-0.87812348504575755) (-0.82507817125604699,0.56501859377968944) (0.28170965121976138,-0.95949969901487819) (-0.9949066127803925,-0.10080095161181271) (-0.99453035264917944,-0.10444796627747333) (-0.87719635429822329,-0.48013181107473685) (-0.1918889907155481,0.98141663692958114) (-0.42134786378696631,-0.90689910005587793) (0.7028333033204045,-0.71135458650642636) (0.039191033369489148,0.99923173633718809) (-0.070356570803883328,-0.9975219059974163) (-0.35675549856161476,-0.93419779182251073) (-0.55673801940669154,0.83068813507062633) (-0.88548465765509865,-0.46466861423753708) (0.99693842720290404,-0.078190615589086687) (0.99561680854428336,0.093526309368525906) (0.47523529404912668,0.87985874735098257) (0.59553325370826482,-0.80333065653418678) (0.19654559561974111,0.98049468577982679) (-0.97380756069944685,0.22737377756591437)
 (0.99999999999999989,-2.7755575615628914e-17) (-0.9790059576694643,0.20383163357951914) (0.94672948850844507,0.32202992964713528) (-0.03154900698527012,0.99950220617977825) (0.90352572490269367,0.42853385448417347) (-0.49814766345128603,-0.86709221274211934) (-0.22906075702638526,0.97341212730811) (0.58962884907373536,-0.80767432814221785) (0.99344666992279851,0.11429660545834995) (-0.99957634495375691,0.029105508222469489) (0.18801789519066517,0.9821656026801554) (0.94948804326782654,-0.3138032117289995) (-0.6015345108815876,-0.79884681398779434) (-0.4467094073453251,-0.89467910749563673) (-0.13813104330825018,0.99041396136896986) (-0.31823351912014142,-0.94801235609479872) (0.40794728847545447,0.9130054818157034) (0.38445534577682516,0.92314358964552357) (-0.53849434753112546,0.84262912225784603) (-0.65984610236530705,-0.75140077268613004) (0.39850472872292075,-0.91716627782832927) (0.62306342246820123,0.78217131856276334) (0.94606573311412312,-0.32397473455076364) (-0.89455602378632404,0.44695583708863484) (-0.74827184074784525,0.66339223114521895) (0.94048219348534445,-0.33984296923284418) (0.69705102540433661,-0.71702152546681863) (-0.9456587683224863,-0.32516072009823038) (-0.22405106629114163,0.97457740569633722) (0.98611000584847941,-0.16609351692800359) (-0.9949066127803925,-0.10080095161181261) (-0.029023419211919754,0.99957873183519175) (0.37763537475688236,0.92595438534100039) (0.17899434504881742,0.983850102627705) (-0.99944137628391827,0.033420583054582148) (0.6441134826951993,-0.76492994542654791) (-0.1239600173544568,-0.992287213511029) (0.16102500421225524,-0.98695032702686925) (-0.93219973964152947,-0.36194425732737645) (-0.52089804717885158,-0.85361889883323105) (0.99966600425525209,-0.025843373160991612) (0.18723633440337703,-0.9823148960894299) (-0.93711961196806026,0.34900835643983241) (-0.89145938442644856,-0.45310061346020802) (0.80885652613882131,0.58800605449488197) (-0.63020891704118032,-0.77642560550369755)
 (1,5.5511151231257827e-17) (-0.24466303459699529,0.96960816802551231) (-0.7618034497869991,-0.64780823080031014) (-0.39314514630937875,-0.91947642380507943) (0.49884101123908331,-0.86669351301712738) (-0.32639324514479257,0.9452340712880869) (0.8230442894452743,0.56797719814401382) (0.54201534647420513,0.84036858829114247) (0.71675184014473681,-0.69732832987706328) (0.40073450400615163,0.91619422465923905) (-0.64095249368559026,0.76758055006508785) (0.36707284424229014,0.93019219896743777) (-0.073573594032306289,0.99728979051285305) (0.89568922113908012,-0.44468058101885777) (-0.99989764122563107,0.014307587896631224) (0.11895657761007838,-0.99289945746953578) (-0.8996840740896056,0.43654159805169812) (-0.95903950767008728,-0.28327234727010814) (-0.68527041837708125,-0.72828871589315536) (0.18823040738501029,-0.98212489721810559) (-0.94859280629943266,0.31649911190549579) (-0.18094420680787265,-0.9834933624700628) (0.42622167925194554,0.90461874849886492) (0.61481218947520855,-0.78867355203068712) (-0.041495181122280678,0.99913870405646366) (0.98416150400666691,-0.17727417756496811) (0.97028000158570049,0.24198495515807372) (-0.87040770485206442,0.49233162333346231) (-0.03924258915450346,0.99922971292713891) (-0.22405106629114169,0.97457740569633722) (0.28170965121976149,-0.95949969901487808) (0.88800712240745805,0.45982969733764067) (-0.39546717362921607,-0.91848011115196204) (0.9529873363585043,-0.30301012646498104) (0.62410248955889069,-0.78134248734239187) (-0.33302187246314502,0.94291910175854521) (0.48255448151927893,0.8758659557064995) (-0.84709228464082953,-0.53144582160553366) (-0.97557347668548444,0.2196733747812824) (-0.31035022151278729,-0.95062229092682449) (0.82274831955270467,-0.56840584327855059) (-0.76919587722274985,-0.63901306908663846) (0.98188802537992137,0.18946214823948293) (-0.48764906653862666,-0.87303974016307329) (-0.61110151639443744,-0.79155223242715878) (-0.56220119346891184,0.82700049459606251)
 (0.99999999999999989,5.5511151231257827e-17) (-0.85817046059568769,-0.51336484157077389) (-0.12142085517465145,-0.99260111622376146) (-0.96516833739095498,-0.26162966287862) (-0.929188155719191,-0.36960704981259429) (-0.64712391361645072,0.76238483748414687) (0.98399992021991567,0.17816890022447998) (-0.09189911427030012,0.99576832285242667) (-0.99369306922593048,0.11213422391201794) (-0.53473724398863853,0.84501839026818659) (-0.56831682305318643,0.82280981316142121) (-0.69602421262568837,-0.71801831135340211) (0.30401550350369766,-0.95266708436336489) (0.52283399390141927,-0.85243452230719285) (0.96108657412055709,0.27624734758040925) (-0.25542353808787366,0.96682925906835959) (0.27950876012591952,-0.96014314193919681) (0.85378323532024891,0.52062864604830339) (-0.21703528119183507,0.9761637601949692) (-0.66572216766679337,0.74619970214214615) (0.77065373672884752,-0.63725412361621092) (-0.58261295209135133,-0.81274974503558051) (0.9419771543863662,0.33567698850854422) (-0.74710276723993141,0.66470854905171595) (0.99375097680599289,-0.11161987321770162) (0.63671698933557508,0.77109757844999183) (-0.64793782646731812,0.76169322764011038) (0.73189140402031494,-0.68142128872025554) (-0.87040770485206465,0.49233162333346236) (-0.94565876832248619,-0.32516072009823055) (-0.8250781712560471,0.56501859377968944) (-0.57815112142796188,-0.81592970333944281) (0.32794598231987188,-0.94469647648345501) (-0.035248570035995686,-0.99937857607135983) (0.74332398816615575,-0.66893157244725832) (0.97321961871206875,-0.22987730151960745) (0.8408216098965513,-0.54131231311597938) (-0.45551111435190339,0.89023009649297313) (-0.89200866349065533,-0.45201830079944294) (0.81650519737438221,-0.57733808350101179) (0.080210449677075413,0.99677795108168488) (0.39532607625723598,-0.9185408501700173) (0.55085340805991356,0.83460201463259076) (-0.94615208802785478,-0.3237224526048984) (0.97465143581388936,0.2237288060709321) (0.38671690542475345,0.9221984792107949)
 (1,0) (-0.037572411959582108,-0.99929390764656456) (0.3953736503646228,0.91852037353417182) (0.41905036632084608,-0.90796298960164989) (-0.89126753430788352,-0.4534778740895159) (0.01655069847054369,0.99986302780937875) (0.02623358567648032,0.99965584026831777) (-0.61408182504251141,0.78924236591332286) (-0.024188227242740667,-0.9997074220304929) (0.79801208171470439,0.60264145014873138) (-0.53668616158130067,-0.84378194100557224) (0.13259712197914209,-0.99117001732439902) (-0.78891026361326966,0.61450841814058288) (-0.97828980128716636,-0.20724156122148579) (0.75562098616112328,0.65500910319849248) (0.99970716324947673,-0.024198920382637046) (-0.98811118273110887,0.15374098530232716) (-0.76100325266591173,-0.64874806314308486) (0.99524835072722118,-0.09736899082740702) (0.43069821395027391,0.90249601024051374) (-0.66575948302689791,-0.74616640956274594) (-0.003280596156384652,0.99999461882995133) (0.62439138374930203,0.78111164368458441) (-0.86724705156016391,0.49787804888366338) (-0.48554851905290058,-0.87420972063088831) (0.98869313320850782,0.14995295377665879) (-0.37447040742327975,-0.92723886564587243) (-0.64793782646731801,0.76169322764011049) (0.9702800015857006,0.24198495515807367) (0.69705102540433661,-0.71702152546681874) (0.47843405502858527,-0.87812348504575755) (-0.87353507130458508,0.48676121373923587) (-0.97275177532834689,-0.23184905347132884) (0.99172102610031931,0.1284110835969034) (0.50892649281105806,-0.86080998188626834) (0.60087117027005987,0.79934588054126476) (-0.14878684574516948,-0.98886929092433828) (0.17131508218664604,0.98521629230102792) (-0.98104458522075577,0.1937821503881017) (0.48086487874623363,0.87679471279676968) (-0.81739963464730725,-0.57607103492403555) (-0.34666253222317783,0.93798991932355846) (-0.99232978571064745,-0.12361875420607027) (0.52249479892969664,-0.8526424720194371) (0.88326660854373473,0.46887108914034104) (-0.090537100880205945,-0.99589308329971327)
 (0.99999999999999989,0) (0.33724494557212342,0.94141693562738438) (0.27753916568910941,-0.96071432356793407) (-0.15809573685911449,-0.98742378844494794) (-0.32588239719805184,0.94541031472924553) (-0.22883571824271121,-0.97346505538531902) (-0.86891279244603203,-0.49496521001343025) (0.98885272983273631,0.14889687270841157) (-0.23633758915335917,0.97167100602682244) (0.4155791037905614,-0.90955703971363655) (0.70363064024510225,-0.7105659167932743) (-0.97447767660357143,-0.22448442663424589) (0.9978663522673159,-0.065289685347075965) (-0.87639299081363542,-0.4815966420696165) (-0.066320647951191525,0.99779836222321727) (-0.99462813002543482,-0.10351271884221191) (-0.6766827463389572,-0.73627471829960744) (-0.038095817473273452,-0.99927409087349139) (0.96999647113517584,-0.24311899552545513) (-0.48190069811882708,0.87622583684378297) (0.80337789975087792,-0.59546952079167581) (-0.94251823417497127,0.33415472201914853) (0.348095866248189,0.93745894198141988) (0.96284831156630757,-0.2700428279253318) (0.57077118668509086,0.82110915988685274) (0.52356032930254581,0.85198860413776012) (0.9886931332085076,0.14995295377665874) (0.63671698933557497,0.77109757844999172) (0.98416150400666691,-0.17727417756496822) (0.94048219348534445,-0.33984296923284402) (-0.80651801411143009,-0.59120951693435642) (-0.2807164729293582,0.95979073856028707) (0.035645606380772354,-0.99936449343857858) (0.27423234968290566,0.96166346420532856) (-0.92431783915252885,-0.38162354778551005) (-0.95057628990535348,-0.31049109016165632) (-0.64605791182164329,0.76328839541333071) (-0.99843709629793354,0.055887071279065059) (0.41164851402268487,-0.91134269125445677) (-0.99513258963687679,-0.098545060975182674) (-0.4089746516070652,0.91254574369884522) (0.73724446150384937,0.67562608296445981) (-0.97254134808870374,0.23273015760276228) (-0.58112258188994781,-0.81381603868291985) (0.39099993840529712,-0.92039070408552748) (0.13428827872323379,0.9909423082084805)
 (0.99999999999999989,0) (-0.29547712738939802,-0.95534981404180452) (0.018856927789759892,-0.9998221923293823) (0.54213718786792564,-0.84028999133076554) (-0.21352536184573911,-0.9769375209544604) (0.94746976082240442,-0.31984535689475901) (-0.94022746244643707,-0.34054708758339786) (0.67245292609503282,-0.74013989365945432) (-0.97386196316382645,0.22714065400693445) (0.67088299062968937,-0.7415632224455071) (0.82176173406293951,0.56983124908157701) (-0.046633615511887549,0.99891206114667086) (-0.072060426897058438,0.99740026813482174) (-0.41492484268350149,-0.90985568906506908) (0.39321392770849073,-0.91944701155426101) (0.47950704826805302,0.877538028042808) (-0.54073791594197562,-0.84119112350448022) (-0.83483368965322957,0.55050223489099059) (-0.81084196260323615,-0.58526516356411729) (0.3883128212738659,-0.92152761913809822) (-0.93789897781061993,-0.34690850007140966) (0.20455890020379949,0.97885425694911909) (0.79274685927863719,-0.60955099631110266) (-0.99600564212170406,-0.089290317849879508) (0.31048007345409839,0.95057988827238371) (0.57077118668509097,0.82110915988685285) (-0.48554851905290058,-0.87420972063088831) (0.99375097680599278,-0.1116198732177017) (-0.041495181122280567,0.99913870405646366) (-0.74827184074784525,0.66339223114521906) (0.42723706770331615,0.90413963964659427) (-0.89504617094410466,-0.4459734878648019) (0.64283262761296411,0.76600666633927783) (0.90809570937146988,-0.41876268054964877) (-0.02902402881269317,0.99957871413485044) (0.21565100075898175,-0.97647050435312677) (-0.13552786088128782,0.99077353564017967) (-0.66756143915003596,-0.74455471589395894) (-0.83396364305696746,-0.5518193926088063) (-0.69038228237936594,0.72344474853070651) (0.48388278502577892,0.87513281869422288) (-0.55907013863193444,0.82912036526071975) (0.19568206522782056,-0.98066738976483525) (0.80453567575947726,0.59390432430673645) (0.66248399098245825,0.74907607203270987) (-0.98438415054001926,0.17603364498187682)
 (1,0) (-0.96698013507851488,0.25485175762301071) (0.99447656704661924,0.10495883762300577) (-0.93838635853564545,-0.34558796581219553) (-0.84788204159590974,-0.53018491447715943) (0.73822339590491837,0.67455631176248787) (-0.9567804954238428,-0.29081107884072555) (-0.81994443588723587,-0.57244311687499805) (0.92059878136996331,0.39050977419283472) (0.30498613067369884,-0.95235679243479254) (0.81653344042912179,-0.57729813845272493) (0.085179287952825339,0.99636564016622453) (-0.065333375469932023,-0.99786349269311647) (-0.24560192577203102,-0.96937077223169421) (-0.46527992912619648,-0.88516359366634689) (-0.99279938617492702,0.11978889268495621) (0.90562234539780317,0.42408509466401162) (0.36046979505890359,0.93277088657943918) (0.99249318812241127,0.12229992449144206) (0.25606444984578791,0.96665971133857398) (0.28835730476776938,-0.95752287951101667) (-0.67607747138099139,-0.73683054543842419) (-0.88766892734724689,0.46048222052777338) (0.98587346480056737,-0.16749182488147168) (-0.99600564212170406,-0.089290317849879522) (0.96284831156630768,-0.27004282792533191) (-0.86724705156016391,0.49787804888366338) (-0.74710276723993141,0.66470854905171606) (0.61481218947520866,-0.78867355203068723) (-0.89455602378632404,0.44695583708863473) (-0.71248191966586483,0.70169046890295228) (0.84218671556677638,-0.53918599399729117) (0.46018971046656604,0.88782060709396615) (0.90169137075150951,0.43238023996508562) (-0.08290709957733948,-0.99655728026023349) (0.10272353613211074,0.99470994522248324) (-0.079770741894716043,0.99681323663842181) (-0.31044947020798797,0.95058988341323136) (-0.99883823093648594,0.04818909025570229) (0.82179825304784015,-0.56977858093080147) (0.19914610782117304,-0.9799698096062337) (0.95798846062926457,-0.28680674556427799) (0.090539547290223579,-0.99589286089241613) (0.44466106960701507,0.89569890765588478) (-0.54311374650009214,0.83965913224512334) (-0.95225624844130174,-0.30529991369880582)
 (1,-5.5511151231257827e-17) (-0.73515334240945396,0.67790085052624727) (-0.33329481487039109,-0.94282265903006024) (-0.048030840877856973,-0.99884585313479057) (0.14795834268882815,0.98899359392706698) (0.85583097069599745,-0.51725559407081134) (-0.64192116702048718,-0.76677064062929345) (-0.99756154707911204,-0.069792261670828248) (-0.2124283745617242,-0.97717663995874571) (-0.43770145706898173,0.89912036706977783) (0.0426834199339578,-0.99908864754972659) (0.97514723067558529,-0.22155784460437958) (-0.63230290877714368,-0.77472126055244139) (0.76616522234883111,0.6426436431360445) (-0.71136628182653827,-0.70282146600704198) (-0.075363165380425368,0.99715615291881099) (-0.32475999823749579,0.945796459892287) (-0.98827485330078735,-0.15268534419946572) (-0.1498415234514209,-0.98871002718176115) (-0.94859224122343566,-0.3165008055135104) (0.7528931271074758,0.65814279541321996) (0.27577815754129831,-0.96122131053318238) (0.068582037153375297,-0.99764548020822263) (-0.88766892734724689,0.46048222052777343) (0.79274685927863731,-0.60955099631110277) (0.34809586624818928,0.93745894198142021) (0.62439138374930203,0.78111164368458463) (0.94197715438636642,0.33567698850854411) (0.4262216792519456,0.90461874849886503) (0.94606573311412323,-0.3239747345507637) (-0.53778155133463124,0.843084220611511) (0.98423795476428078,0.17684922505181339) (-0.91047982462173405,0.41355348983750401) (0.98386098483447593,0.17893452020372164) (0.30410782814688669,-0.9526376167566476) (-0.6458564943329862,-0.76345883237271295) (-0.66509200426346204,-0.74676142499784481) (0.2256730758949092,0.97420309115508963) (0.87216894816368917,0.48920478928465727) (-0.15477647277790491,-0.98794951463849157) (0.084080602864334691,0.99645895661686457) (-0.99737097124188623,0.072464789546496516) (-0.28604345566835337,0.95821664641630389) (0.86955184785630912,0.493841658722387) (-0.53205804713269478,0.84670788025230026) (-0.43449816189264534,-0.90067271931146786)
 (0.99999999999999978,0) (-0.014830369017683698,0.99989002403004235) (-0.99773817649448315,0.067220020570246647) (-0.26358474792301689,0.96463624266474668) (-0.20876914187916659,0.97796495100746705) (-0.88175381846741197,0.47170987229242711) (-0.34245147548117466,0.93953551659358092) (-0.98682716642474222,0.16177806898994074) (-0.99998174919097294,-0.0060416293300649682) (0.56260248270433466,-0.82672755273724807) (0.58529900180937044,0.8108175371074271) (-0.36753899848287708,-0.93000810996152294) (0.062875397580717501,0.99802138473034063) (0.74366510704823829,-0.66855232297774014) (0.79218342228779848,-0.61028306993754289) (0.86397778381468837,0.50352992867818702) (0.95972009770523381,-0.28095788663188659) (-0.69251569419772696,-0.72140280931657019) (0.90500131369799386,-0.42540877071930028) (0.6903975357704607,0.72343019193428515) (-0.46910270207001037,0.88314362077219088) (0.99440583518193471,-0.10562686663969054) (0.27577815754129831,-0.96122131053318205) (-0.67607747138099139,-0.73683054543842408) (0.20455890020379938,0.97885425694911887) (-0.94251823417497127,0.33415472201914864) (-0.0032805961563847907,0.99999461882995133) (-0.58261295209135144,-0.8127497450355804) (-0.18094420680787268,-0.9834933624700628) (0.62306342246820101,0.78217131856276345) (-0.1096061079033549,-0.99397510085025709) (0.65357118862708985,-0.7568650483385877) (-0.88225713567165109,0.47076782659444194) (0.5474409421109534,0.83684431939320258) (-0.69562366283076682,-0.71840637504820881) (-0.90062366495755697,-0.43459983216565912) (0.84345044781573164,-0.53720698253042176) (-0.96232408893948085,0.27190503461098137) (0.66508858208886179,-0.74676447289291148) (0.39592745435615756,0.9182817927450444) (0.90286588498216058,-0.42992231127888647) (0.39175615335293174,-0.92006908235746876) (-0.29800615344240722,-0.95456394888475693) (-0.99547872149766192,0.094984814814684959) (0.74699519597517217,0.66482943465975786) (-0.9561772716394128,-0.29278836247400458)
 (0.99999999999999989,0) (-0.74397830631331596,0.66820377111714246) (-0.99853375548716461,0.054132607111608083) (0.20587807256766749,0.97857765110175232) (0.97556445947713544,-0.21971341653409751) (-0.77012168635999723,-0.63789700438082875) (0.9411817200410072,-0.33790082844031555) (-0.13697914847402687,0.990573931053776) (-0.82653415740553393,-0.5628865664074103) (0.070949046920218764,-0.99747994102193027) (0.33670423885102446,-0.94161045849106406) (0.21835939030739476,0.97586842179905775) (0.82061669484531852,0.57147899361319099) (-0.75606371483901547,-0.65449802070275853) (0.30348485474726639,-0.95283626239718178) (-0.99648072536700794,0.083822216458656978) (0.83691730184037838,-0.54732936142712307) (-0.84918994402026926,0.52808752965285199) (0.50854600449046905,0.86103482003736631) (-0.9743751158510493,0.22492917465339252) (0.97403641397152863,0.22639139616488543) (-0.46910270207001042,0.883143620772191) (0.75289312710747569,0.65814279541321996) (0.28835730476776933,-0.95752287951101667) (-0.93789897781061993,-0.34690850007140978) (0.80337789975087803,-0.59546952079167581) (-0.66575948302689791,-0.74616640956274594) (0.77065373672884752,-0.63725412361621103) (-0.94859280629943277,0.31649911190549584) (0.39850472872292081,-0.91716627782832927) (0.93173977000499442,0.36312670101638173) (-0.75708298997254242,0.65331871723855883) (-0.7633748675693548,0.64595573498767755) (-0.18007534407183445,0.98365282008308774) (0.7620516393741853,-0.64751625379376998) (-0.98095491808276392,-0.19423554949915375) (0.9869056428560683,-0.16129864258217119) (0.65129998171350256,-0.75882035675118253) (0.066698949247742834,0.99777314564446395) (0.80594240400424277,0.59199395387779219) (-0.99180762787543575,-0.12774047631076607) (-0.64750810264605063,-0.76205856533977256) (0.54312803118248287,0.8396498923621919) (0.99071914506290482,0.13592488957445281) (-0.58994255717509225,-0.80744521748147902) (-0.96015362786600866,0.27947273730319877)
 (1,0) (-0.98856011336691285,0.15082739227341108) (-0.21861526028465128,-0.97581113335044289) (-0.37661300426964067,0.92637068445358106) (0.99336819499055506,-0.11497664624265258) (-0.74485277054847154,0.66722885894291739) (0.15151616903116039,0.98845477919939395) (0.99972183393787251,0.023585053485148166) (-0.99571269465746748,0.09249989025920774) (0.9468274147145832,-0.32174189460637592) (0.38691117263512964,-0.92211699067423625) (0.97088953504630737,-0.23952768261219048) (-0.22395848380481137,-0.97459868537354954) (-0.92325313959428934,-0.38419219178594538) (-0.72227024134017215,-0.69161094444377502) (-0.99400379679431983,0.10934556213435215) (-0.8194282481080194,0.57318177413681226) (-0.96368067157443482,0.26705722838719043) (0.96753327928369504,0.25274365170769303) (0.25653401961721489,-0.96653520203820598) (-0.9743751158510493,0.22492917465339263) (0.69039753577046092,0.72343019193428515) (-0.94859224122343555,-0.31650080551351029) (0.25606444984578802,0.96665971133857398) (0.3883128212738659,-0.92152761913809833) (-0.48190069811882719,0.8762258368437833) (0.43069821395027386,0.90249601024051374) (-0.66572216766679337,0.74619970214214626) (0.18823040738501018,-0.9821248972181057) (-0.65984610236530727,-0.75140077268613026) (0.4473059812196849,-0.89438099217564793) (0.34278048271589429,-0.93941553141783818) (0.99969607317012077,0.024652815016586893) (-0.52212097959425274,0.85287143384424513) (0.80422130347374743,0.59432995468761951) (0.7451980285236437,-0.66684323366476184) (0.98653890832303837,0.16352670229900704) (0.99232154486516055,0.12368488831067209) (-0.072426302486768956,-0.99737376680364731) (-0.91326975458936188,-0.40735531830612892) (-0.98414856639124837,-0.17734598746532396) (-0.4336809489569301,0.90106649838500708) (0.8914888165881022,0.45304270206940334) (-0.90253370420173662,-0.43061922017008541) (-0.17988948552705122,0.98368682668663077) (0.87289830495464349,0.48790219225507836)
 (0.99999999999999989,-1.3877787807814457e-17) (0.58628175022165618,-0.81010722090167286) (0.41953985745132411,0.90773691563675185) (0.84026283034490334,-0.54217928394653103) (-0.9509007351794736,0.30949602878734489) (0.15306944216231702,-0.98821543495136621) (-0.69922602364813502,0.71490066992080714) (-0.54530998246146012,-0.83823446781189037) (-0.84113909488708294,-0.54081884494952515) (0.23790508631148938,0.97128840717220744) (-0.70083593902188457,0.71332249829604633) (-0.55623815939790611,0.83102292990604687) (0.5057455131431865,-0.86268272031815685) (-0.94341379209755516,-0.33161787780533181) (0.93992065625155918,-0.34139296997981561) (-0.43237517478864862,-0.90169379959412266) (0.14136394264915522,-0.98995769390347521) (-0.45850730393931965,0.88869063921833724) (-0.96856360361646976,0.24876604621507209) (0.96753327928369504,0.25274365170769308) (0.50854600449046905,0.86103482003736642) (0.90500131369799419,-0.42540877071930044) (-0.14984152345142088,-0.98871002718176126) (0.99249318812241127,0.12229992449144209) (-0.81084196260323604,-0.58526516356411717) (0.96999647113517606,-0.24311899552545518) (0.99524835072722118,-0.097368990827407007) (-0.21703528119183496,0.97616376019496931) (-0.68527041837708147,-0.72828871589315536) (-0.53849434753112568,0.84262912225784614) (0.99383279331121477,0.11088903885970396) (0.93905504288137798,-0.34376681986348506) (0.28936211719271837,-0.95721970578010351) (-0.46473567234103447,0.88544946487855936) (-0.97765928886392606,-0.2101958964825025) (-0.9834580432886767,0.18113607341114571) (0.016687520553558377,-0.99986075363411231) (-0.94186541660422951,0.33599038231018158) (-0.11979446964370676,0.99279871325600777) (-0.92899264366860335,0.3700981869850471) (-0.67589709334193504,0.73699601030936668) (-0.2899334779729732,-0.95704680050167656) (0.67478022012017858,0.73801873589670075) (0.64160004718393393,-0.76703935978121351) (0.29859856197956341,0.9543788025641271) (0.86350545870261763,0.50433949160340685)
 (0.99999999999999978,0) (0.57084064208201957,-0.82106087554296958) (-0.94733216800423792,-0.32025265567109718) (-0.69346889674139645,0.72048656424132618) (0.9615965022617059,0.27446705965935797) (0.064644829144348215,0.99790833550226332) (0.068687570421509081,-0.99763821983201462) (0.32472917633257581,-0.94580704270922356) (0.047849548359954142,0.99885455433799186) (-0.39392883187663297,0.9191409442606242) (-0.66373360312551077,-0.74796905289057669) (0.81353725451931069,-0.58151279909317788) (0.22578709783869716,0.974176671066177) (-0.4755509181427488,-0.87968819717760727) (0.91159648997091391,-0.41108617037393719) (0.99997279371142267,-0.0073764379596411023) (0.97705024823069508,-0.21300894918368446) (-0.35338858289384623,-0.93547662155731037) (-0.45850730393931949,0.88869063921833724) (-0.9636806715744346,0.26705722838719043) (-0.84918994402026915,0.52808752965285199) (-0.69251569419772707,-0.72140280931657008) (-0.98827485330078702,-0.15268534419946567) (0.36046979505890364,0.93277088657943907) (-0.83483368965322946,0.55050223489099059) (-0.038095817473273508,-0.99927409087349162) (-0.76100325266591162,-0.64874806314308486) (0.85378323532024902,0.52062864604830317) (-0.95903950767008728,-0.28327234727010808) (0.38445534577682516,0.92314358964552345) (-0.18821820806747747,-0.98212723521541156) (0.66125507808938233,0.75016113049197963) (0.91055487008198266,-0.4133882298396801) (0.7429635756988735,0.66933184982095717) (-0.99196615002452115,-0.12650358574178616) (0.81053553286121305,-0.58568946547585221) (-0.51891341549510839,0.85482680539346712) (0.48744806164312454,0.87315198402131677) (-0.35742390599058382,-0.93394226343304265) (0.97896436499227502,-0.20403130170459649) (0.075350330667690424,0.99715712285891489) (-0.9687134738192561,-0.24818179957650022) (-0.99765710253708206,-0.068412760193651223) (0.8611890815156058,-0.50828472914136125) (-0.99749810706477171,0.070693184977034029) (0.99967267369893809,0.025584086061795741)
 (1,0) (0.89594726306113193,-0.44416044602515864) (-0.68943022599094295,-0.72435209911346154) (0.44167144516743634,-0.897176869142149) (-0.85273861970036324,-0.52233786620493095) (0.8578331609562263,-0.51392827122454554) (-0.3460973635600077,0.93819860100983554) (-0.12783204614795846,0.99179582978434988) (-0.97841491129751701,0.20665009400112155) (0.95862788974290769,0.28466220157769689) (0.40989702958892826,-0.91213180250124659) (0.049109048610845918,0.9987934227579488) (0.59368963607317371,-0.80469411332462393) (0.68204623355305027,0.73130905593743256) (0.68472289636345274,0.7288035093189692) (0.91292300499520351,0.40813182545658999) (-0.66547139839093461,0.74642335033385354) (0.97705024823069508,-0.21300894918368438) (0.14136394264915525,-0.98995769390347532) (-0.8194282481080194,0.57318177413681215) (0.83691730184037838,-0.54732936142712307) (0.95972009770523414,-0.28095788663188659) (-0.32475999823749596,0.94579645989228678) (0.90562234539780306,0.42408509466401167) (-0.54073791594197562,-0.84119112350448033) (-0.67668274633895742,-0.73627471829960767) (-0.98811118273110909,0.15374098530232694) (0.27950876012591941,-0.96014314193919681) (-0.89968407408960571,0.43654159805169823) (0.40794728847545442,0.91300548181570362) (-0.60485565922306028,-0.79633512512373761) (0.86785605536881283,-0.49681572756876852) (0.29045982474192056,0.95688718781834137) (-0.49393255292806681,0.86950022033232588) (-0.77064106983524483,0.63726944182440604) (0.97852174235191003,-0.20614363862264318) (0.56877887918281211,-0.82249047811846676) (0.49927027139982161,-0.86644630306577541) (-0.9995799274238425,0.02898221336177742) (-0.98237343169969416,0.18692897231452887) (0.56567271531668362,-0.82462984371550063) (-0.99796737051398021,0.063726975366892591) (-0.8985509311801213,0.43886925624306139) (-0.70254768374392684,0.71163667138930031) (-0.71560965519432185,-0.69850040901395638) (-0.68971006862181072,0.72408564496314798)
 (1,5.5511151231257827e-17) (-0.93048650362964858,-0.36632617509955823) (-0.54603368318396051,0.83776322241344492) (-0.97884524108769189,-0.2046020381129636) (-0.47480568922093003,-0.88009065299174605) (0.8434668666335644,0.53718120303241901) (-0.7559875056308436,-0.65458604578012203) (-0.94839771755618463,0.31708322146436463) (-0.91120270525835689,-0.41195828663816425) (0.82128892128948627,-0.57051249571517104) (0.41633320735778595,0.90921210971432775) (0.93465454247777657,0.35555714902903934) (0.45430576570536518,-0.8908458178870583) (-0.81232329784492274,0.58320739002377975) (0.17302052240133514,0.9849182193603534) (0.7986949205274021,-0.60173617468432694) (0.9129230049952034,0.40813182545658999) (0.99997279371142267,-0.0073764379596411578) (-0.43237517478864868,-0.90169379959412255) (-0.99400379679431983,0.10934556213435209) (-0.99648072536700805,0.083822216458656895) (0.86397778381468848,0.50352992867818713) (-0.075363165380425479,0.99715615291881077) (-0.99279938617492691,0.11978889268495618) (0.47950704826805279,0.877538028042808) (-0.99462813002543504,-0.10351271884221197) (0.99970716324947662,-0.024198920382636824) (-0.25542353808787366,0.9668292590683597) (0.1189565776100785,-0.9928994574695359) (-0.31823351912014125,-0.94801235609479884) (-0.15943979445300302,0.98720765391318976) (-0.98952495182351652,0.14436193999343583) (-0.73633945671630563,-0.6766122999788996) (0.087318948086615777,0.99618040600337399) (0.072294432605316816,0.99738333403675627) (-0.98197949805752194,0.1889874741740763) (-0.9589226172789993,-0.28366778821500571) (0.98827190174123136,-0.15270444731169547) (0.2642566463051173,-0.9644523963802325) (0.83259776251594841,-0.55387811461858327) (0.99318501432945394,-0.11654839042819037) (-0.1222943492489118,-0.99249387511550236) (0.99779754438505452,0.06633295123206201) (0.88730108565248123,-0.46119061503886694) (-0.21904452523251755,-0.97571486406924257) (0.64510251829923626,0.76409602857493275)
 (1,0) (0.26336368999374754,-0.96469661904293924) (0.26328862277357623,0.96471710937351685) (-0.99090605804375276,0.13455550576691983) (-0.75437221018606881,-0.65644692740463506) (-0.83327438210400318,0.55285966042856827) (0.99005659175060379,0.14066963116173681) (0.99748226130010664,-0.070916418350239596) (0.99093046370874371,-0.13437565290622239) (0.082832983662317117,0.99656344344833325) (-0.13662494092207117,0.990622847262287) (-0.5619902648062598,-0.82714384617368175) (0.70020268807263841,-0.71394411238965416) (-0.78037504077172959,-0.62531175883755918) (-0.15394578978057327,-0.98807929530419558) (0.17302052240133517,0.9849182193603534) (0.68472289636345285,0.7288035093189692) (0.91159648997091403,-0.4110861703739373) (0.93992065625155885,-0.34139296997981555) (-0.72227024134017226,-0.69161094444377502) (0.30348485474726639,-0.95283626239718178) (0.79218342228779848,-0.61028306993754311) (-0.71136628182653827,-0.70282146600704198) (-0.46527992912619653,-0.88516359366634667) (0.39321392770849062,-0.91944701155426101) (-0.066320647951191414,0.99779836222321738) (0.75562098616112316,0.65500910319849237) (0.9610865741205572,0.27624734758040914) (-0.99989764122563107,0.014307587896631335) (-0.13813104330825021,0.99041396136896986) (0.98908096035005888,0.1473731789472113) (-0.52803865331492339,0.84922033690047871) (-0.84665067460130916,0.53214907234453546) (0.74589587235974342,-0.66606257033157035) (-0.70742720651384039,0.70678621059272551) (-0.94926340629200756,-0.31448209086511675) (-0.19530449482889928,0.98074265447141018) (0.83686898648919661,-0.54740323295770366) (0.49442902821243623,0.86921800260976334) (-0.92139327413468586,0.38863148917626766) (-0.58456516952650406,-0.81134675852957594) (0.81295819572980443,0.5823220517855574) (-0.99490386549951726,0.10082806362377206) (-0.067114827506369046,-0.9977452580337276) (-0.99985725078157106,0.016896095984538895) (-0.97296738002340477,0.23094258466205872)
 (1,-1.3877787807814457e-17) (-0.97974669907958789,0.20024086906186933) (0.74670264697250077,0.66515799401665621) (0.99236281087990408,0.12335336064549279) (0.092899875561007955,0.99567545571875504) (0.98771032588170782,0.15629559221760317) (0.99586788324947662,0.090813870703805366) (0.89640202932002111,0.44324192246554078) (0.34404175542468507,0.93895434954224566) (-0.44428114596345858,0.89588741666651217) (-0.19194560636151378,0.98140556560400205) (-0.87832993109099156,0.47805494678927396) (0.6073573560756893,0.79442875201036722) (-0.48949319332515207,0.87200711791151442) (-0.78037504077172959,-0.62531175883755941) (-0.81232329784492285,0.58320739002377986) (0.6820462335530505,0.73130905593743256) (-0.47555091814274886,-0.87968819717760749) (-0.94341379209755505,-0.33161787780533181) (-0.92325313959428956,-0.38419219178594538) (-0.75606371483901547,-0.65449802070275842) (0.74366510704823841,-0.66855232297774014) (0.76616522234883111,0.6426436431360445) (-0.24560192577203108,-0.96937077223169432) (-0.41492484268350144,-0.90985568906506908) (-0.87639299081363575,-0.48159664206961661) (-0.97828980128716625,-0.20724156122148588) (0.52283399390141927,-0.85243452230719297) (0.89568922113908023,-0.44468058101885788) (-0.44670940734532505,-0.89467910749563695) (-0.14176133536687185,0.98990086564009172) (0.075893932620444596,-0.9971158964691138) (0.94665937085464713,-0.32223599360264576) (-0.59741607086877191,0.80193144237379788) (-0.31812099749102396,-0.94805012048694826) (-0.65184050933476034,0.75835608416508449) (0.97169372757780215,0.23624415291379441) (-0.4190312841944398,0.90797179629455427) (0.15887740859586696,-0.98729831815812563) (-0.99671550102187501,0.080982776086723648) (0.61801104997559198,-0.78616941056496636) (-0.9379730981677018,0.34670804304729397) (-0.98471390605564135,-0.17417957176615737) (0.76312728651445805,-0.6462482066335512) (0.99734857676742594,-0.072772360274969305) (0.87891233525186141,-0.47698334031926232)
 (1,0) (0.99804319045475864,0.062528313481866327) (-0.50014583579531335,0.86594118907499051) (-0.98222637206358276,0.18770017054550875) (-0.41666363119273669,0.90906073418737199) (0.3783574422981888,0.92565957341647664) (0.45551716038954426,0.89022700284289691) (-0.7818390022748164,-0.62348037220262165) (0.42878088830018657,-0.903408517686491) (0.87366563941284259,0.4865268240388706) (0.84180410228199243,-0.53978315403614474) (0.98416871979215381,-0.17723411348460549) (-0.95818499604680341,0.28614945981215456) (0.6073573560756893,0.79442875201036722) (0.70020268807263863,-0.71394411238965416) (0.45430576570536513,-0.89084581788705841) (0.59368963607317371,-0.80469411332462415) (0.22578709783869716,0.97417667106617722) (0.5057455131431865,-0.86268272031815685) (-0.22395848380481126,-0.97459868537354954) (0.82061669484531863,0.5714789936131911) (0.062875397580717585,0.99802138473034085) (-0.63230290877714357,-0.7747212605524415) (-0.065333375469932176,-0.99786349269311658) (-0.072060426897058494,0.99740026813482185) (0.99786635226731613,-0.06528968534707591) (-0.78891026361326988,0.61450841814058299) (0.30401550350369755,-0.952667084363365) (-0.073573594032306289,0.99728979051285327) (-0.6015345108815876,-0.79884681398779445) (0.19400661174116673,0.98100022150900301) (-0.94458493592700199,-0.32826711504471884) (0.85552105768364395,-0.51776801741693212) (-0.90758429205476077,0.41986992368525167) (-0.2582185201562629,-0.96608653641809494) (0.13500300777622165,0.99084518866035476) (-0.77881194077778915,0.62725749170650258) (-0.73949134314997811,-0.6731660667370587) (-0.1350199923852568,-0.99084287435308638) (-0.65256425948524011,-0.75773338796867051) (-0.94849709215016442,0.31678583646161063) (0.36173507324106124,0.93228093233063847) (-0.85955615093132776,0.5110413128076059) (-0.98684002788458569,0.16169959605623557) (-0.42969622692865628,-0.90297350601403448) (0.95853328420282458,-0.28498060122637747)
 (1,5.5511151231257827e-17) (0.98940975673529574,-0.14514934817974312) (0.54777885129957049,-0.83662317088933413) (-0.56546045806032641,-0.82477540601681809) (-0.090824144227505177,-0.9958669463464197) (0.073382091089739865,0.99730389987570889) (-0.33786729005342447,0.94119376023853707) (-0.098777566281610774,-0.99510953788991607) (-0.43396050432066052,0.90093189570009014) (-0.4587238657897692,-0.88857887379505673) (-0.66737197061357212,-0.74472454829914003) (-0.91265448608750865,-0.40873192807064429) (0.98416871979215381,-0.17723411348460549) (-0.87832993109099133,0.4780549467892739) (-0.5619902648062598,-0.82714384617368175) (0.93465454247777657,0.35555714902903929) (0.049109048610845918,0.9987934227579488) (0.81353725451931092,-0.58151279909317799) (-0.556238159397906,0.83102292990604687) (0.97088953504630737,-0.23952768261219071) (0.21835939030739476,0.97586842179905775) (-0.3675389984828773,-0.93000810996152306) (0.97514723067558517,-0.22155784460437972) (0.085179287952825422,0.99636564016622453) (-0.046633615511887549,0.99891206114667086) (-0.97447767660357165,-0.22448442663424584) (0.13259712197914197,-0.99117001732439902) (-0.69602421262568848,-0.71801831135340199) (0.36707284424229009,0.93019219896743777) (0.94948804326782665,-0.31380321172899961) (0.55287818287278545,0.83326209256349115) (-0.97776961351189373,0.20968209960033057) (-0.47412639951478974,-0.88045678899259094) (-0.65419051185920929,0.75632980517323745) (0.027804875817761365,-0.99961336969888492) (0.2773938263634898,0.96075629849375621) (0.160195691355487,0.98708527517694133) (0.92631819767722445,-0.37674208240123602) (0.99929459559811007,-0.037554110406337826) (-0.93708478778506987,-0.34910184832196256) (-0.91698830659696284,-0.39891408293570535) (0.0038858158113375119,-0.99999245018924077) (0.68942722605452689,0.72435495440754827) (-0.46946279048383599,0.88295225711877012) (0.11190934372508843,0.99371842027156787) (-0.76338591956655444,-0.64594267377804349)
 (1,0) (-0.42040235597217368,0.90733778665557918) (0.58084771746629715,0.81401224137858841) (-0.99940489765617102,-0.034494210251260787) (-0.076357510100734494,0.99708050359598177) (0.99989317293504421,-0.014616522085963812) (-0.32595394763497049,-0.94538564830506044) (0.26921661594163093,0.96307965075633084) (0.25351430556674731,-0.96733163748169071) (-0.99409412939149577,-0.10852125095742229) (-0.9068674275414419,-0.42141602824805691) (-0.6673719706135719,-0.74472454829914003) (0.84180410228199232,-0.53978315403614463) (-0.19194560636151375,0.98140556560400194) (-0.13662494092207123,0.99062284726228722) (0.41633320735778601,0.90921210971432798) (0.40989702958892815,-0.91213180250124648) (-0.663733603125511,-0.7479690528905768) (-0.70083593902188468,0.71332249829604633) (0.38691117263512959,-0.92211699067423614) (0.33670423885102452,-0.94161045849106428) (0.58529900180937067,0.81081753710742732) (0.042683419933957828,-0.99908864754972659) (0.81653344042912179,-0.57729813845272504) (0.82176173406293951,0.56983124908157712) (0.70363064024510247,-0.71056591679327463) (-0.53668616158130067,-0.84378194100557236) (-0.56831682305318632,0.82280981316142121) (-0.64095249368559015,0.76758055006508807) (0.18801789519066506,0.98216560268015551) (0.31453136664858,-0.94924708026634319) (-0.022265031194458884,-0.99975210346660925) (0.8959915894123015,-0.44407102101174978) (-0.97415126155933818,0.22589670117633526) (0.983306070736649,0.18195925712217287) (-0.83235203351872922,-0.55424732051425907) (-0.96296641488179713,-0.2696213712035796) (0.75809206614236491,0.65214754408185949) (-0.5503379266309566,-0.83494201386176525) (0.51135476193377793,0.85936971522601868) (0.46768047997062623,-0.88389760077423207) (0.25194220124688754,0.96774228347782376) (0.98145840136084628,0.19167526287502923) (-0.74726227562231518,0.66452922541582649) (-0.89944735246183716,0.43702912963484686) (-0.99907452921672024,-0.043012615247025265)
 (0.99999999999999989,0) (-0.88806570274878371,0.45971655136759004) (-0.81445065001232064,-0.58023283145174476) (0.87481424403942543,-0.48445850021000736) (0.19831681588692662,0.98013797015342263) (-0.68805141947132875,-0.72566193517607802) (-0.92640657157466455,-0.37652471916632069) (-0.2859699856170459,-0.9582385753695094) (-0.67569163772434848,0.73718438040247991) (0.83897776367434229,0.54416570275973852) (-0.99409412939149555,-0.10852125095742227) (-0.45872386578976898,-0.88857887379505662) (0.87366563941284225,0.48652682403887049) (-0.44428114596345847,0.89588741666651184) (0.082832983662317117,0.99656344344833303) (0.82128892128948605,-0.57051249571517104) (0.95862788974290747,0.28466220157769684) (-0.39392883187663297,0.91914094426062398) (0.23790508631148929,0.9712884071722071) (0.94682741471458287,-0.32174189460637553) (0.070949046920218722,-0.99747994102193016) (0.56260248270433455,-0.82672755273724807) (-0.43770145706898173,0.89912036706977749) (0.30498613067369873,-0.95235679243479232) (0.67088299062968937,-0.74156322244550688) (0.41557910379056145,-0.90955703971363655) (0.79801208171470406,0.60264145014873127) (-0.53473724398863831,0.84501839026818648) (0.40073450400615174,0.91619422465923883) (-0.9995763449537568,0.029105508222469434) (0.44533602307659637,0.89536351642800538) (-0.99960650520151773,0.028050575017444818) (-0.37840946517385099,0.92563830769196287) (0.44860383746711702,-0.89373071839887952) (0.098604568937149195,0.99512669494126238) (0.98576419226690315,-0.16813374808283105) (0.97367233790149921,0.22795214060286487) (-0.97303858341515248,-0.23064239676485102) (0.92197625547172402,-0.3872464129547738) (0.91197035314407282,-0.41025610901761678) (-0.96828504533442661,-0.249848095813651) (-0.88658942952677855,-0.4625572218130225) (-0.82897273466911547,-0.55928901757070892) (-0.77450662227830991,0.6325658005670578) (-0.84609030451035239,-0.53303958259549467) (0.35424700885198979,-0.93515188965184681)
 (1,0) (0.71509419229289339,0.69902810826816852) (-0.81871141619020293,0.57420520460879976) (0.9155362184588407,0.40223554379254695) (-0.48977182722901813,0.87185065077268231) (-0.21514555060009705,0.97658199453859529) (0.77931517809865192,-0.62663215141346473) (-0.10874581413579704,0.99406958906705445) (-0.91895234516864421,-0.3943685932082428) (-0.6756916377243487,0.73718438040248002) (0.25351430556674731,-0.96733163748169093) (-0.43396050432066063,0.90093189570009014) (0.42878088830018657,-0.903408517686491) (0.34404175542468513,0.93895434954224566) (0.99093046370874383,-0.13437565290622236) (-0.91120270525835712,-0.41195828663816425) (-0.97841491129751701,0.20665009400112164) (0.047849548359954114,0.9988545543379922) (-0.84113909488708294,-0.54081884494952515) (-0.99571269465746748,0.092499890259207684) (-0.82653415740553404,-0.5628865664074103) (-0.99998174919097305,-0.0060416293300648988) (-0.21242837456172417,-0.97717663995874582) (0.92059878136996343,0.39050977419283472) (-0.97386196316382656,0.22714065400693445) (-0.23633758915335912,0.97167100602682277) (-0.024188227242740539,-0.9997074220304929) (-0.99369306922593048,0.11213422391201813) (0.71675184014473692,-0.6973283298770635) (0.99344666992279873,0.11429660545835003) (0.58152202144427201,0.813530662344922) (-0.90383517998820673,-0.42788078645305755) (0.063165070226783609,-0.99800309313310576) (0.83839628393146959,-0.54506116270552885) (-0.27175681457215517,0.96236595624200871) (0.71807586250854372,-0.69596483796425501) (0.74830519918704508,0.66335460265957047) (-0.12901033450391347,-0.99164324915323687) (0.92999599320118864,0.36756965684035481) (0.84900768519679526,-0.52838049782025376) (0.9988736932354807,0.047448339929972591) (0.99738410726052729,-0.072283764318975652) (-0.53185303089234925,-0.84683667464902679) (-0.56735090072015493,-0.82347614139817582) (-0.28126133066708581,0.95963121243078553) (-0.4910445350831627,-0.87113446985236509)
 (1,0) (-0.078557267499485661,0.99690960258341144) (0.055290530321799702,0.99847030865055508) (0.99827724498379466,0.058673180820253079) (-0.74107236036268664,-0.67142516835942079) (-0.97299885198334879,-0.23080995220979167) (-0.38663686593000512,-0.92223203907900764) (-0.078825890599616755,-0.99688839845349686) (-0.10874581413579709,0.99406958906705467) (-0.28596998561704606,-0.95823857536950974) (0.26921661594163104,0.96307965075633095) (-0.098777566281610774,-0.9951095378899163) (-0.7818390022748164,-0.62348037220262154) (0.89640202932002133,0.44324192246554095) (0.99748226130010686,-0.070916418350239485) (-0.94839771755618463,0.31708322146436474) (-0.1278320461479584,0.99179582978434988) (0.32472917633257592,-0.94580704270922378) (-0.54530998246146012,-0.83823446781189048) (0.99972183393787262,0.023585053485148222) (-0.13697914847402687,0.990573931053776) (-0.98682716642474244,0.16177806898994079) (-0.99756154707911215,-0.069792261670828359) (-0.81994443588723609,-0.57244311687499805) (0.67245292609503304,-0.74013989365945443) (0.98885272983273664,0.14889687270841168) (-0.61408182504251152,0.78924236591332286) (-0.091899114270300009,0.99576832285242678) (0.54201534647420546,0.8403685882911428) (0.58962884907373558,-0.80767432814221796) (0.38799517602686839,-0.92166140386797135) (-0.40071876417688318,-0.91620110894745788) (0.98690812356826718,-0.16128346361286894) (-0.99966370259442416,0.025932252412931123) (-0.99407075218486252,-0.1087351812920842) (0.88717144102664047,0.46143995733650389) (0.54041719357096674,0.84139720518485239) (0.94622003824240897,-0.32352378464115372) (-0.77687204825611955,0.62965849524829121) (0.46005186825969041,0.88789204214857631) (0.70462183173358317,0.70958302843600352) (-0.82646715162871476,-0.56298494409594935) (0.23635645379691556,0.97166641742346282) (0.63545143123991588,-0.77214084112624304) (-0.3228267941796632,-0.94645806085620166) (-0.99638730003015552,-0.084925545854103557)
 (1,0) (-0.86797909445523569,0.49660073659698711) (-0.97551140678797787,-0.21994884684067367) (0.99986047770020625,0.016704045411710666) (-0.2157272547741837,-0.97645366072722384) (0.990061319669295,-0.14063635125633306) (0.83006780547973424,0.5576624770468781) (-0.38663686593000518,-0.92223203907900742) (0.77931517809865203,-0.62663215141346473) (-0.92640657157466511,-0.3765247191663208) (-0.32595394763497049,-0.94538564830506044) (-0.33786729005342464,0.94119376023853707) (0.45551716038954404,0.89022700284289691) (0.99586788324947673,0.090813870703805255) (0.9900565917506039,0.14066963116173686) (-0.75598750563084371,-0.65458604578012214) (-0.3460973635600077,0.93819860100983554) (0.068687570421509081,-0.99763821983201484) (-0.69922602364813513,0.71490066992080725) (0.15151616903116039,0.98845477919939417) (0.94118172004100753,-0.33790082844031566) (-0.34245147548117472,0.93953551659358114) (-0.64192116702048729,-0.76677064062929345) (-0.95678049542384291,-0.29081107884072566) (-0.94022746244643718,-0.34054708758339797) (-0.86891279244603248,-0.49496521001343041) (0.026233585676480209,0.99965584026831789) (0.98399992021991589,0.17816890022447984) (0.82304428944527463,0.56797719814401382) (-0.22906075702638523,0.97341212730811022) (0.31094893388527911,-0.9504266202688193) (-0.99996441621856835,-0.0084360118929757699) (0.043944883475426688,0.99903395698861597) (0.66039649282914892,-0.75091708747301933) (-0.061123016025972587,0.9981302404555682) (-0.95967114364906558,0.28112505410812388) (-0.99679122531624653,-0.080045319241891566) (0.60772833423307859,0.79414499417316087) (0.091159404883653206,-0.99583631330719224) (-0.53379455522808406,-0.8456141985615262) (-0.96397647403954512,-0.26598751380147051) (0.67511221843424896,-0.73771504832203894) (0.98615581853941525,-0.16582129405132645) (-0.91614165058133501,-0.40085468198601315) (0.93417826021843997,0.35680663970174253) (0.90317593728107615,0.42927057471535507)
 (0.99999999999999989,0) (0.63843345838852106,-0.76967702265955218) (0.67074393850020397,0.74168899746810002) (-0.064825949645750475,-0.99789658595093289) (0.5794842152531503,0.81498346257604581) (-0.99310852055235854,-0.11719840615941177) (0.99006131966929478,-0.14063635125633295) (-0.97299885198334857,-0.23080995220979164) (-0.21514555060009702,0.97658199453859518) (-0.68805141947132875,-0.72566193517607813) (0.99989317293504432,-0.014616522085963785) (0.073382091089739782,0.99730389987570889) (0.3783574422981888,0.92565957341647631) (0.9877103258817076,0.15629559221760314) (-0.83327438210400295,0.55285966042856816) (0.8434668666335644,0.53718120303241901) (0.85783316095622619,-0.51392827122454543) (0.064644829144348132,0.99790833550226343) (0.15306944216231705,-0.98821543495136599) (-0.74485277054847132,0.66722885894291706) (-0.77012168635999723,-0.63789700438082875) (-0.88175381846741197,0.47170987229242728) (0.85583097069599723,-0.51725559407081134) (0.73822339590491826,0.67455631176248776) (0.94746976082240453,-0.31984535689475896) (-0.22883571824271115,-0.97346505538531913) (0.016550698470543551,0.99986302780937852) (-0.6471239136164505,0.76238483748414698) (-0.32639324514479251,0.94523407128808679) (-0.49814766345128586,-0.86709221274211934) (-0.4277049932783365,-0.90391838056584439) (0.90792702444511697,-0.41912828380131628) (-0.99983581458083259,-0.018120261628439854) (-0.88666148152692426,-0.46241909257347869) (0.90054020170214777,0.43477275112207325) (-0.63762611283584758,-0.7703459873523375) (-0.5035358797351176,0.86397431548592962) (0.93561821492898767,-0.3530135349998571) (-0.83031890711877665,0.55728853611130558) (-0.98886965024823459,0.14878445758187997) (-0.98482096837423705,0.17357321294033046) (-0.13678809354833038,-0.99060033185105201) (-0.37289218101643345,-0.9278746797584293) (0.12548442208508162,-0.99209559005872638) (0.26668633532892416,0.96378337739806885) (0.7022762851546509,-0.71190450153751927)
 (1,0) (0.93675488605143431,0.34998611895154552) (0.14154602585930653,-0.98993167570466079) (-0.97717936547902817,-0.21241583670245739) (0.85964625928320726,0.51088972283692557) (0.57948421525315053,0.81498346257604593) (-0.21572725477418375,-0.97645366072722395) (-0.74107236036268687,-0.67142516835942079) (-0.48977182722901802,0.87185065077268242) (0.19831681588692684,0.98013797015342297) (-0.076357510100734438,0.99708050359598199) (-0.090824144227505177,-0.99586694634641959) (-0.41666363119273653,0.9090607341873721) (0.092899875561008149,0.99567545571875526) (-0.75437221018606893,-0.65644692740463506) (-0.4748056892209303,-0.88009065299174583) (-0.85273861970036346,-0.52233786620493072) (0.96159650226170612,0.27446705965935797) (-0.9509007351794736,0.309496028787345) (0.99336819499055518,-0.11497664624265264) (0.97556445947713533,-0.21971341653409765) (-0.20876914187916651,0.97796495100746716) (0.14795834268882818,0.98899359392706698) (-0.84788204159590985,-0.53018491447715932) (-0.21352536184573923,-0.97693752095446051) (-0.32588239719805184,0.94541031472924586) (-0.89126753430788364,-0.4534778740895159) (-0.92918815571919122,-0.36960704981259407) (0.4988410112390832,-0.86669351301712783) (0.90352572490269378,0.42853385448417353) (-0.041353428373211265,0.99914458111015292) (0.99897581391327939,0.045247355903986708) (0.68725597608523403,0.72641532427058142) (0.97846715561175723,0.20640258086816149) (0.99210462324355286,-0.12541298393216166) (-0.59534333450185706,-0.80347141459059512) (-0.21204291198320963,-0.97726035603501371) (0.96937102885743076,-0.24560091288895375) (-0.80589265360236284,0.59206167826481026) (-0.39323709012368191,0.9194371054895818) (-0.99543197641189152,0.095473453570697975) (0.60914980127881579,-0.79305518067911274) (-0.024565314495459234,-0.99969822712843737) (-0.41197649905289724,-0.91119447113561791) (-0.77800972051210038,-0.62825223818835974) (0.18995419681023817,0.98179295328199356)
 (1,5.5511151231257827e-17) (-0.24113443920428965,-0.97049172187589161) (-0.71314392593900744,-0.70101764663687338) (0.47079353282160974,-0.88224341848117427) (-0.97717936547902795,-0.21241583670245751) (-0.064825949645750475,-0.997896585950933) (0.99986047770020603,0.016704045411710722) (0.99827724498379455,0.05867318082025319) (0.91553621845884059,0.40223554379254689) (0.87481424403942554,-0.48445850021000741) (-0.99940489765617102,-0.034494210251260871) (-0.56546045806032641,-0.8247754060168182) (-0.98222637206358276,0.18770017054550864) (0.99236281087990386,0.12335336064549288) (-0.99090605804375276,0.13455550576691969) (-0.978845241087692,-0.20460203811296362) (0.44167144516743617,-0.897176869142149) (-0.69346889674139667,0.72048656424132618) (0.84026283034490334,-0.54217928394653103) (-0.37661300426964078,0.92637068445358095) (0.20587807256766746,0.97857765110175243) (-0.26358474792301689,0.96463624266474679) (-0.048030840877856917,-0.99884585313479068) (-0.93838635853564556,-0.34558796581219559) (0.54213718786792564,-0.84028999133076543) (-0.15809573685911449,-0.98742378844494816) (0.4190503663208463,-0.90796298960164989) (-0.96516833739095498,-0.26162966287861988) (-0.39314514630937869,-0.91947642380507955) (-0.031549006985270189,0.99950220617977836) (-0.39365566684042508,0.91925797030236367) (0.072447048077782489,0.99737226010392732) (0.63634315038862277,-0.77140611544988658) (-0.39105383451882614,0.92036780610151947) (0.8412870341447507,0.54058868484267153) (0.24111780343009637,0.97049585515294468) (-0.72412190282217459,0.68967200164512565) (0.99980427249988169,-0.019784253611993596) (0.90099390498897991,0.43383174523392193) (0.97147110779781498,-0.23715793622412504) (0.98976133830530244,-0.14273224301501505) (-0.9912036488680892,-0.13234548148912043) (-0.98616295938757625,-0.16577882112000336) (-0.78496496919173142,0.61954014974158444) (0.45486837867542074,0.89055867750597684) (-0.15640670476051297,0.98769273699160021)
 (1,-5.5511151231257827e-17) (-0.55777417377023431,-0.82999275362796576) (0.17158118793243937,0.98516998327582717) (-0.71314392593900744,-0.70101764663687338) (0.14154602585930665,-0.98993167570466056) (0.67074393850020386,0.74168899746810002) (-0.97551140678797776,-0.21994884684067362) (0.055290530321799591,0.99847030865055464) (-0.81871141619020271,0.57420520460879954) (-0.81445065001232075,-0.58023283145174476) (0.58084771746629715,0.81401224137858819) (0.5477788512995706,-0.83662317088933413) (-0.50014583579531324,0.86594118907499029) (0.74670264697250066,0.66515799401665598) (0.26328862277357618,0.96471710937351685) (-0.54603368318396028,0.83776322241344481) (-0.68943022599094295,-0.72435209911346154) (-0.94733216800423792,-0.32025265567109723) (0.41953985745132405,0.90773691563675163) (-0.21861526028465117,-0.97581113335044267) (-0.9985337554871645,0.054132607111608055) (-0.99773817649448304,0.067220020570246675) (-0.33329481487039103,-0.94282265903006013) (0.99447656704661913,0.10495883762300579) (0.018856927789759892,-0.99982219232938208) (0.27753916568910936,-0.96071432356793418) (0.39537365036462274,0.9185203735341716) (-0.12142085517465162,-0.99260111622376146) (-0.76180344978699921,-0.64780823080031014) (0.94672948850844496,0.32202992964713534) (-0.93768914721270846,0.34747526991068661) (0.057406258095407003,0.99835090100198931) (0.97505934793909055,0.22194429029960744) (0.99756958432732246,-0.069677287727162807) (-0.40488135077736948,0.91436923165245121) (-0.10500237929082434,0.99447197061720449) (0.75507515083418075,-0.65563825131907794) (-0.79275988826868016,-0.60953405118355097) (0.94638910244877539,0.32302889463050111) (-0.88008760887430915,-0.47481133169491757) (-0.90652461506915127,-0.4221529607544251) (0.96560544587310759,-0.26001177454145852) (0.64717470217127993,0.7623417244710643) (0.73468909035816687,0.67840396557559179) (0.4854434149205763,-0.87426808869490924) (0.22617751232209954,-0.97408610138929075)
 (0.99999999999999989,0) (0.61532785274392754,0.78827129443964117) (-0.55777417377023419,-0.82999275362796576) (-0.24113443920428959,-0.97049172187589161) (0.93675488605143409,0.34998611895154558) (0.63843345838852106,-0.76967702265955218) (-0.86797909445523558,0.49660073659698678) (-0.078557267499485661,0.99690960258341121) (0.71509419229289339,0.69902810826816841) (-0.88806570274878371,0.4597165513675901) (-0.42040235597217351,0.90733778665557907) (0.98940975673529563,-0.14514934817974307) (0.99804319045475853,0.062528313481866271) (-0.97974669907958778,0.20024086906186933) (0.26336368999374749,-0.96469661904293902) (-0.93048650362964858,-0.36632617509955823) (0.89594726306113182,-0.44416044602515869) (0.57084064208201968,-0.82106087554296958) (0.58628175022165618,-0.81010722090167286) (-0.98856011336691285,0.15082739227341097) (-0.74397830631331596,0.66820377111714246) (-0.014830369017683642,0.99989002403004268) (-0.73515334240945385,0.67790085052624716) (-0.96698013507851477,0.25485175762301071) (-0.29547712738939791,-0.95534981404180441) (0.33724494557212348,0.94141693562738449) (-0.037572411959581942,-0.99929390764656434) (-0.8581704605956878,-0.51336484157077367) (-0.24466303459699534,0.9696081680255122) (-0.9790059576694643,0.20383163357951911) (-0.12929583190391175,-0.99160606485250791) (0.63094920118458186,-0.77582414600509719) (-0.98595782244106989,-0.16699452795605024) (-0.57022060418280862,-0.82149160833534574) (-0.99210247332403567,0.12542999013127459) (0.9927856910687316,-0.11990234196704413) (-0.90585011414584449,0.42359836012661745) (-0.80780302874413179,-0.58945251441639246) (0.59535710716510937,0.80346120936109566) (0.95419571429761429,0.29918311920304913) (-0.45456930431015091,-0.89071137164571179) (0.97016017622520501,0.24246490976361834) (0.92103982962748354,0.38946839697179159) (0.19468111356247547,0.9808665882891896) (0.96140877804577063,0.27512390208147636) (0.90701743503392052,-0.42109306874429681)


# name: N
# type: scalar
46


# name: argn
# type: sq_string
# elements: 1
# length: 1
x


# name: info
# type: complex matrix
# rows: 1
# columns: 45
 (-2.9004576518332215e-15,1.1102230246251565e-16) (-3.3306690738754696e-16,2.2204460492503131e-16) (1.9984014443252818e-15,-1.1102230246251565e-16) (0,6.106226635438361e-16) (-5.5511151231257827e-16,-2.6645352591003757e-15) (2.2204460492503131e-16,-7.9103390504542404e-16) (-7.7715611723760958e-16,1.1102230246251565e-16) (-4.4408920985006262e-16,3.8857805861880479e-16) (-8.8817841970012523e-16,1.1518563880485999e-15) (3.3306690738754696e-16,9.9920072216264089e-16) (1.4155343563970746e-15,2.2204460492503131e-16) (1.5543122344752192e-15,1.4432899320127035e-15) (7.7715611723760958e-16,-4.4408920985006262e-16) (-3.3306690738754696e-16,6.106226635438361e-16) (-1.6653345369377348e-15,2.2204460492503131e-16) (-2.2204460492503131e-16,-2.1649348980190553e-15) (-7.7715611723760958e-16,-1.4432899320127035e-15) (-1.1102230246251565e-15,-4.4408920985006262e-16) (-4.9960036108132044e-16,-1.9984014443252818e-15) (-4.4408920985006262e-16,-1.1102230246251565e-16) (-8.4654505627668186e-16,5.5511151231257827e-16) (-4.4408920985006262e-16,-8.0491169285323849e-16) (5.5511151231257827e-16,-1.3322676295501878e-15) (-4.0245584642661925e-15,8.8817841970012523e-16) (0,-1.2212453270876722e-15) (-4.4408920985006262e-16,-5.5511151231257827e-16) (1.5543122344752192e-15,4.4408920985006262e-16) (-1.3322676295501878e-15,-4.4408920985006262e-16) (-4.4408920985006262e-16,1.9984014443252818e-15) (1.609823385706477e-15,0) (3.3306690738754696e-16,1.1102230246251565e-16) (0,-3.3306690738754696e-16) (-4.163336342344337e-16,0) (8.8817841970012523e-16,6.6613381477509392e-16) (-1.1102230246251565e-15,-1.8873791418627661e-15) (2.2204460492503131e-16,8.3266726846886741e-16) (-8.3787143889679783e-16,2.2204460492503131e-16) (-8.8817841970012523e-16,1.7069679003611782e-15) (4.4408920985006262e-16,8.8817841970012523e-16) (-8.8817841970012523e-16,-8.8817841970012523e-16) (1.3322676295501878e-15,8.8817841970012523e-16) (3.3306690738754696e-16,-8.8817841970012523e-16) (1.6653345369377348e-16,-1.5543122344752192e-15) (1.1102230246251565e-16,1.0547118733938987e-15) (3.3306690738754696e-16,1.9984014443252818e-15)


# name: is_convergent
# type: scalar
6.1302804340891525e-14


# name: is_unimodular
# type: matrix
# rows: 1
# columns: 46
 1.9628220859475394 1.9628220859475387 1.9628220859475385 1.9628220859475387 1.9628220859475385 1.9628220859475387 1.9628220859475385 1.9628220859475389 1.9628220859475394 1.9628220859475385 1.9628220859475394 1.9628220859475383 1.9628220859475389 1.9628220859475385 1.9628220859475389 1.9628220859475387 1.9628220859475387 1.9628220859475389 1.9628220859475387 1.9628220859475385 1.9628220859475387 1.9628220859475389 1.9628220859475383 1.9628220859475389 1.9628220859475389 1.9628220859475392 1.9628220859475385 1.9628220859475387 1.9628220859475387 1.9628220859475387 1.9628220859475385 1.9628220859475389 1.9628220859475387 1.9628220859475387 1.9628220859475385 1.9628220859475387 1.9628220859475392 1.9628220859475383 1.962822085947538 1.9628220859475396 1.9628220859475392 1.9628220859475387 1.9628220859475389 1.9628220859475392 1.9628220859475392 1.9628220859475385


# name: spectrum
# type: scalar
6.7823299831252744


# name: x
# type: complex matrix
# rows: 1
# columns: 46
 (1.9230464984386186,-0.39314463741276856) (-0.59495517805523312,1.8704809213645333) (0.3025771063317389,-1.9393601098835043) (0.14254410791052774,-1.9576393228537883) (0.65229511488921244,-1.8512648714257816) (0.70036378549436462,1.8336196740467885) (-1.4579563892567433,1.3141665450424789) (1.3287693106296143,1.4446600500506501) (-0.30376092278924555,-1.9391750418334275) (0.84052337804817112,1.7737505439147685) (1.7996879011891405,-0.78345006183985744) (-1.6906308876091889,-0.99721499334156205) (1.5337094023730078,-1.2249106131290068) (0.19934762033721026,1.9526728008935184) (1.9212113349142457,0.40201684999570636) (1.0894221191809657,1.6327369620740204) (1.8773021935420602,0.5730680720521919) (-0.66503189527817252,1.8467276787188114) (-1.951387211860508,0.21156202511490513) (-1.0137212200659322,-1.6807854797895785) (-1.9295086012355727,0.36009318077601954) (0.77641353290913673,1.802734746710952) (0.23062752881435206,-1.9492258678861283) (-1.9492841197611925,0.23013465955887838) (-0.26301921671114459,1.9451199018888536) (-0.66209490497348089,1.8477826922805631) (0.9576804910395933,-1.7133355241065917) (1.6320064092749282,-1.0905162177468992) (0.87077568114753723,-1.7590964311843422) (-1.8408710561409132,0.68107583700061292) (0.098122758866252074,1.9603679412997759) (-0.63593862272675261,1.8569471207354959) (-1.9605180243641616,0.095076901646467996) (-1.1547031232013911,1.587240132542143) (-0.99528680986856155,1.6917667413639235) (1.1959203926464905,1.5564205586973308) (-1.8939263916202975,0.51547392194714237) (0.37750370970892522,1.9261779487470634) (1.1473781588588698,1.5925432181441967) (-1.3414152515632858,-1.4329255612057652) (1.9591681307201723,0.11971122192123224) (1.9532586092553836,0.19352350361951262) (-1.4788670921985176,1.29059004517149) (0.37484251749423408,-1.926697596448917) (-0.95106283724901086,1.717017769473371) (-0.53606902875550388,-1.8882003435791914)


# name: x0
# type: complex matrix
# rows: 1
# columns: 46
 (1.9230464984386186,-0.39314463741276856) (-0.59495517805523312,1.8704809213645333) (0.3025771063317389,-1.9393601098835043) (0.14254410791052774,-1.9576393228537883) (0.65229511488921244,-1.8512648714257816) (0.70036378549436462,1.8336196740467885) (-1.4579563892567433,1.3141665450424789) (1.3287693106296143,1.4446600500506501) (-0.30376092278924555,-1.9391750418334275) (0.84052337804817112,1.7737505439147685) (1.7996879011891405,-0.78345006183985744) (-1.6906308876091889,-0.99721499334156205) (1.5337094023730078,-1.2249106131290068) (0.19934762033721026,1.9526728008935184) (1.9212113349142457,0.40201684999570636) (1.0894221191809657,1.6327369620740204) (1.8773021935420602,0.5730680720521919) (-0.66503189527817252,1.8467276787188114) (-1.951387211860508,0.21156202511490513) (-1.0137212200659322,-1.6807854797895785) (-1.9295086012355727,0.36009318077601954) (0.77641353290913673,1.802734746710952) (0.23062752881435206,-1.9492258678861283) (-1.9492841197611925,0.23013465955887838) (-0.26301921671114459,1.9451199018888536) (-0.66209490497348089,1.8477826922805631) (0.9576804910395933,-1.7133355241065917) (1.6320064092749282,-1.0905162177468992) (0.87077568114753723,-1.7590964311843422) (-1.8408710561409132,0.68107583700061292) (0.098122758866252074,1.9603679412997759) (-0.63593862272675261,1.8569471207354959) (-1.9605180243641616,0.095076901646467996) (-1.1547031232013911,1.587240132542143) (-0.99528680986856155,1.6917667413639235) (1.1959203926464905,1.5564205586973308) (-1.8939263916202975,0.51547392194714237) (0.37750370970892522,1.9261779487470634) (1.1473781588588698,1.5925432181441967) (-1.3414152515632858,-1.4329255612057652) (1.9591681307201723,0.11971122192123224) (1.9532586092553836,0.19352350361951262) (-1.4788670921985176,1.29059004517149) (0.37484251749423408,-1.926697596448917) (-0.95106283724901086,1.717017769473371) (-0.53606902875550388,-1.8882003435791914)


