# Created by Octave 5.2.0, Fri Sep 17 14:17:28 2021 UTC <root@0x00>
# name: F_norm
# type: scalar
8.2940857942169763e-14


# name: H
# type: complex matrix
# rows: 29
# columns: 29
 (1,0) (1,0) (0.99999999999999989,5.5511151231257827e-17) (0.99999999999999989,0) (1,0) (1,-5.5511151231257827e-17) (1,2.7755575615628914e-17) (1,0) (0.99999999999999989,-5.5511151231257827e-17) (1,-5.5511151231257827e-17) (1,0) (0.99999999999999989,0) (0.99999999999999989,0) (0.99999999999999989,-1.3877787807814457e-17) (0.99999999999999989,0) (1,-5.5511151231257827e-17) (1,-5.5511151231257827e-17) (1,-5.5511151231257827e-17) (1,-2.7755575615628914e-17) (1.0000000000000002,0) (1,0) (1,0) (1,5.5511151231257827e-17) (0.99999999999999989,0) (1,5.5511151231257827e-17) (1,0) (1,-2.7755575615628914e-17) (0.99999999999999989,-5.4210108624275222e-20) (0.99999999999999989,0)
 (1,0) (-0.97752384113159607,0.21082490369813855) (0.35644193783940015,-0.9343174754596496) (0.55079043688160811,0.83464357341308637) (0.77746716287377682,0.62892353323198213) (-0.97520242563161985,0.22131477366457852) (-0.061844607792670973,-0.9980857901437985) (0.97408595980934531,0.22617812206821727) (-0.99774525507617307,0.067114871474074717) (-0.69328102132902014,0.72066734730039628) (0.066463452612748455,-0.99778886016370838) (0.41689876190618352,0.90895292635047453) (-0.99998251635475066,0.0059132888327935382) (0.78333894545621818,-0.6215948009206147) (0.95376660406701641,-0.30054827393693323) (-0.22062784544905267,-0.9753580644114801) (-0.84213378226907276,0.53926866473139878) (0.56116598924332217,-0.82770328772849655) (0.83570554953589393,0.54917778039074927) (0.25502029786202207,-0.96693569986755823) (-0.25075752440933519,-0.96804992843969662) (0.10818924985569749,0.99413031651572736) (0.99697543239842457,0.077717354522487) (-0.89457211640926237,0.44692362719267004) (-0.88051438647865876,0.47401942492276627) (0.032193091083725117,0.99948166810926276) (0.99996633772132848,-0.0082050852642179713) (-0.98775556696364175,0.15600942257547806) (-0.88652831985185643,-0.46267433265812741)
 (0.99999999999999989,0) (0.76905929686727725,-0.63917743851141129) (-0.32306966463196835,-0.94637518553403899) (-0.76493009969705239,0.64411329948810803) (-0.37477362541612519,-0.92711635175551388) (0.99971191578679908,-0.024001779806656853) (-0.69329841896326128,-0.72065061039524636) (0.30957042884876407,0.95087651647434857) (0.94922834136641421,-0.31458791449571832) (-0.21613784293939237,0.9763628592124477) (-0.93884528881310159,-0.34433925665460136) (-0.66408444175322567,0.74765757818757295) (0.79375233055606409,0.60824110165033785) (0.40144734282720762,-0.91588210536999415) (-0.11349734625954233,0.9935382994087546) (0.84615839118618608,0.53293149374493209) (-0.95599597157019445,-0.29337979197886188) (-0.4392683431299339,-0.89835589981024888) (-0.64127934374857787,0.76730750242741208) (-0.35062583978731682,0.93651562745820693) (0.88855824814927242,-0.45876381684467638) (-0.66532026904534336,0.74655806177244588) (-0.4895861715826515,-0.87195491890065135) (0.64746946646026593,-0.76209139215822308) (-0.13222500507513263,0.99121972742317888) (0.84526354428440542,0.5343496427469232) (-0.49810612944489241,-0.86711607285843084) (0.79858006248869684,-0.60188859749587242) (-0.98775556696364164,0.15600942257547798)
 (1,0) (0.9984452874078944,-0.05574054227370645) (0.17147041352237735,0.98518926977838384) (-0.72783762863979917,0.68574950698924519) (0.99063650008301218,0.13652591220453522) (-0.43556491552578719,-0.90015732200711041) (-0.070702085539563975,0.99749747623758722) (0.37208509403062184,0.92819862249424956) (0.22335715807438308,0.97473667210018045) (0.56683480053524093,-0.82383148088803515) (-0.90431722163727613,-0.42686105778137828) (-0.078073922529997009,0.99694757265403877) (-0.76882687940939731,0.63945698017740671) (-0.99025570927280482,-0.13926101483406508) (-0.2614058646100027,0.96522897487979253) (-0.99885140411956863,-0.047915263626166882) (0.98889891035908117,0.14858985527491894) (0.86752442898332061,-0.49739457688756872) (-0.2794730934426225,0.96015352420413036) (-0.44405016726674623,-0.8960019246354185) (-0.96602242757049339,-0.25845825471594308) (-0.41537553151470979,-0.90965002491005909) (0.82054727418305051,-0.57157866547900937) (-0.72997763367033963,-0.68347103401757314) (0.35887140240898247,-0.93338701326567097) (0.96714059729572233,0.25424213864439005) (-0.75693759041101338,-0.65348717219450292) (-0.49810612944489246,-0.86711607285843084) (0.99996633772132837,-0.0082050852642179262)
 (1,2.7755575615628914e-17) (-0.97922077176231248,0.20279714038718899) (0.31161544015597936,-0.95020830214032281) (-0.73343976114145926,0.679754453296747) (-0.99773890273103538,0.067209240265529491) (-0.99695925689810694,0.077924579467418736) (-0.87549133630896914,0.48323381509155072) (-0.30231334920658337,0.9532086019814856) (-0.42613359849934324,-0.90466024353344943) (-0.8530573317161867,-0.52181719864839637) (-0.77921976296513329,-0.62675079657273769) (0.019192097602555774,-0.99981581473270076) (0.080358573804329342,-0.99676602049635221) (-0.21279323203569048,0.97709725227318323) (-0.98764645517223881,0.15669869044031659) (0.99873896614552948,0.050204357406085698) (0.87106510494846168,-0.49116757114158593) (0.68393374158353348,-0.72954412966149484) (0.9976209725354952,0.068937617868142287) (0.85288018844561042,0.52210667890478124) (-0.76137080138801028,0.6483166686070776) (0.16053201916138418,-0.98703063317405149) (-0.33570598922181627,-0.9419668193734857) (-0.48577498649034345,0.87408389900529937) (0.96460309504730035,0.2637060276618039) (0.94172810344319746,0.33637505731739159) (0.96714059729572233,0.25424213864438999) (0.84526354428440542,0.5343496427469232) (0.032193091083725145,0.99948166810926264)
 (1,0) (0.17924611237312799,0.98380426467825355) (0.98154011452183443,0.19125638181368945) (-0.23208403539900008,-0.97269573891989214) (0.035054104199551489,0.99938541603265718) (-0.25536360459669416,-0.96684509071897451) (0.99420713006344097,-0.10748107987462646) (0.24157994549832656,0.9703809200169925) (-0.96319467902138389,-0.26880478103057048) (0.35041669258272445,-0.93659390429330869) (0.79747909763648717,0.60334657439393313) (-0.96118128445855133,-0.27591762974954892) (0.99896602637777787,0.045462931526603911) (-0.84824535963974601,0.52960344584380992) (0.9982814010547767,-0.058602425786914936) (0.94019070148764206,-0.34064856499943624) (0.46810430421766636,0.88367322035517937) (-0.99344485144957928,-0.11431241021132449) (-0.20266287189876211,-0.97924856923752812) (-0.9362276576789389,-0.35139404234706084) (-0.94667077970432811,-0.32220247493462806) (-0.70980555485568031,0.70439766772471546) (-0.9634436692750652,-0.26791098546681263) (0.71548419550867204,-0.69862891865231824) (-0.9989605834467904,-0.04558237290496811) (0.96460309504730035,0.26370602766180384) (0.35887140240898241,-0.93338701326567086) (-0.13222500507513268,0.99121972742317865) (-0.88051438647865865,0.47401942492276622)
 (1,0) (0.96065890485263927,0.27773092828730406) (-0.77877425207225903,-0.62730428366885327) (0.10279915467689937,-0.99470213320255574) (-0.80743908766769112,0.58995094686453975) (-0.2334520262615713,0.97236832087145164) (0.98494475285033256,0.17286941265763828) (-0.81716945969847654,-0.57639749664281137) (-0.18167645219392564,0.98335836128963072) (-0.99924883043951673,0.038752740099994243) (0.60710941978895949,0.79461824318568997) (0.65297832102251441,-0.75737659871072005) (-0.71966195709160896,-0.69432461249409494) (-0.99137310491354158,0.13107008374943491) (0.93248983640515215,-0.36119621399052892) (-0.21115446703358656,0.97745270527619987) (0.9117280869437574,-0.41079422522459619) (-0.82392166874045536,-0.56670370016432936) (0.37185207337189247,0.92829199906550119) (0.85375449477052501,0.52067577498778028) (0.56418601291824899,-0.82564771108954826) (-0.6544868738142553,0.75607336416834769) (0.97804585073657724,-0.20838981226769299) (-0.95481765380960171,-0.29719227441763679) (0.71548419550867193,-0.69862891865231835) (-0.48577498649034345,0.87408389900529948) (-0.72997763367033974,-0.68347103401757303) (0.64746946646026582,-0.76209139215822308) (-0.89457211640926226,0.44692362719267009)
 (1,0) (0.96868820206492123,0.24828042045282156) (-0.89534786539952727,0.44536748862541553) (-0.52957489766571586,0.84826318307606985) (-0.94786637735069956,0.31866805721324137) (-0.92459047336909861,0.38096253956931936) (-0.80384468716790214,-0.59483923787182857) (-0.64847420188324922,-0.76123663173278922) (-0.53146149315297908,-0.84708245247768277) (0.15808403155583312,0.98742566250176722) (0.47157278101166034,-0.88182714417788732) (0.81438647193228719,-0.58032290522921981) (0.92032882930784687,-0.39114555595692058) (0.8472405172979578,0.53120947454717715) (0.99964603632398341,0.026604549643777398) (0.12833020925135968,0.99173149460602594) (-0.10630963873999383,0.99433307332652476) (-0.59381515543250829,0.80460149215538079) (-0.07633242925473932,0.99708242399716895) (-0.94269169650361184,-0.333665049627829) (-0.68710940680000943,0.72655396433227115) (-0.57812368950009796,-0.81594914035054567) (0.95043220623576374,-0.31093185965709347) (0.97804585073657724,-0.20838981226769304) (-0.96344366927506542,-0.26791098546681258) (-0.33570598922181627,-0.94196681937348581) (0.82054727418305051,-0.57157866547900937) (-0.4895861715826515,-0.87195491890065147) (0.99697543239842445,0.077717354522486848)
 (1,0) (-0.95818250040906494,0.2861578164402156) (0.51204663925887484,-0.85895764693242649) (-0.90126979469309121,-0.43325830306397212) (-0.91699125255381886,0.39890731096305876) (0.81079795661093212,-0.58532612580982268) (0.50597936226700946,0.86254558427938754) (-0.70567414500565706,-0.70853652063287098) (0.75163636732629291,0.65957772196499576) (0.99183051864025895,0.12756262106822164) (0.98557913198638736,-0.16921517246676948) (0.99985967033798029,-0.016752302278363551) (-0.76301323573409041,0.64638286030385483) (0.40807779144486073,-0.91294715954949135) (0.9843826533987714,0.17604201682437409) (-0.27024380105733536,-0.96279192351726905) (-0.70046534813722383,-0.71368641297070912) (0.81125033905635568,0.58469897159217521) (-0.90837295557350495,0.41816094220127187) (0.96728900337871804,0.2536769282820292) (-0.0089301455691894183,0.99996012545506652) (-0.84119560526046144,-0.54073094389953791) (-0.57812368950009785,-0.81594914035054555) (-0.6544868738142553,0.75607336416834758) (-0.70980555485568042,0.70439766772471568) (0.16053201916138415,-0.98703063317405149) (-0.41537553151470974,-0.90965002491005909) (-0.66532026904534325,0.74655806177244599) (0.10818924985569761,0.99413031651572736)
 (1,5.5511151231257827e-17) (0.10382985715474091,0.99459507376782563) (0.98336693841357947,0.18163002074300344) (0.062615265231731831,-0.99803773904595383) (-0.94469855185086415,0.32794000385875577) (-0.5012874015942238,-0.86528084516121773) (-0.83713887620083072,0.54699040389499598) (0.98124802735690564,-0.19274934191374421) (0.73702518424907781,-0.67586528079389718) (-0.023891533439234558,0.99971455657598685) (-0.95449782064532496,-0.29821789078344269) (0.88154915966735181,-0.4720922357863836) (-0.085630023906556607,0.99632700405326935) (0.95367065841310228,0.30085258064693399) (-0.97513176022673997,-0.22162592401860315) (-0.99802197488428313,-0.062866029364638087) (0.74195596930137886,-0.67044861072124828) (0.071792248314916485,0.99741960732777324) (0.96728234169546568,-0.25370232841686241) (0.99787850950373747,-0.065103611809175621) (-0.99379939218008584,-0.11118798542330044) (-0.0089301455691895848,0.99996012545506663) (-0.68710940680000943,0.72655396433227104) (0.56418601291824921,-0.82564771108954815) (-0.94667077970432811,-0.32220247493462822) (-0.76137080138801039,0.6483166686070776) (-0.96602242757049339,-0.25845825471594308) (0.88855824814927231,-0.45876381684467621) (-0.25075752440933502,-0.96804992843969651)
 (1,0) (0.041032425514974324,-0.99915781539072068) (-0.49157922802850151,0.8708328557024605) (-0.98918497028604446,0.14667342826905264) (0.5434231167755369,0.83945894250639896) (0.29916926890547929,0.95420005687620912) (-0.32735915377506059,-0.94489998647458773) (-0.096997120653765589,-0.99528466208662081) (-0.0076658444353211452,-0.99997061698286582) (-0.96178262317394181,-0.27381414455913633) (-0.33713209699544777,0.94145735388038243) (0.9920401690902938,0.12592181269066005) (-0.24169596768716345,-0.97035202849469304) (-0.94552942089927206,0.32553665571466345) (-0.25106639108958678,0.96796986898624571) (-0.96779279297740928,-0.25174810795909813) (0.25050148567160924,0.96811621496404887) (0.99345851214963465,0.11419362783200288) (-0.72277379988557122,-0.69108467947059327) (0.96770729905555819,0.25207654265043516) (0.99787850950373747,-0.065103611809175677) (0.96728900337871782,0.25367692828202926) (-0.94269169650361173,-0.33366504962782906) (0.85375449477052479,0.52067577498778028) (-0.93622765767893901,-0.35139404234706073) (0.85288018844561042,0.52210667890478146) (-0.44405016726674618,-0.8960019246354185) (-0.35062583978731704,0.93651562745820682) (0.25502029786202207,-0.96693569986755801)
 (1,-5.5511151231257827e-17) (-0.45314254693947809,-0.89143806972397288) (0.14709647704712969,-0.98912214940336007) (-0.32146611426216543,-0.94692108297428057) (0.27163805104098265,-0.96239948525893193) (0.49275731703623971,-0.87016678085712185) (0.58394083328054114,0.81179622025951026) (0.93475632221196547,-0.35528948490598466) (-0.91219624679952394,0.40975359342519752) (-0.47986188482834879,0.87734404396963028) (-0.99630425316441507,-0.085894325345144518) (-0.33728411124674068,-0.94140290434037677) (-0.1370919376942164,-0.99055832772191954) (0.38760992825262036,-0.92182348826659777) (-0.78003102235050736,-0.62574084425648746) (0.22461220130023052,0.97444823311813966) (0.54211415892905468,0.84030484866424771) (-0.084625581268404415,0.99641282157295852) (-0.42408803387993238,0.90562096901510314) (-0.72277379988557133,-0.69108467947059338) (0.96728234169546545,-0.25370232841686241) (-0.90837295557350495,0.4181609422012717) (-0.076332429254739265,0.99708242399716862) (0.37185207337189241,0.92829199906550108) (-0.20266287189876209,-0.97924856923752801) (0.99762097253549498,0.068937617868142398) (-0.27947309344262239,0.96015352420413014) (-0.64127934374857798,0.76730750242741208) (0.83570554953589382,0.54917778039074905)
 (1,0) (-0.70114174617328084,0.71302191535259396) (-0.77301857821989661,0.63438338386727056) (0.5258698521470111,-0.85056504666185262) (-0.22650661962570956,-0.97400962585886908) (0.50505686926021642,0.86308606686301426) (-0.99181809197359672,0.1276592042660975) (0.82871202067358574,0.55967525118688388) (-0.5303617128165905,0.8477714630596217) (-0.23530472237540151,-0.9719216468562859) (0.99989674912271731,-0.014369797974261633) (-0.79886776099823564,-0.60150669193090955) (0.80241067668194699,0.59677223959130299) (-0.98364359421947256,-0.1801257326175166) (-0.46939907959303995,-0.88298612904009177) (0.12740999687027543,0.99185013620885076) (-0.98137512022562545,-0.19210120614441351) (0.84803120215489636,-0.52994629932826287) (-0.084625581268404471,0.99641282157295852) (0.99345851214963465,0.11419362783200282) (0.071792248314916596,0.99741960732777324) (0.81125033905635557,0.58469897159217521) (-0.59381515543250829,0.80460149215538079) (-0.82392166874045547,-0.56670370016432925) (-0.99344485144957939,-0.11431241021132443) (0.68393374158353337,-0.72954412966149496) (0.86752442898332038,-0.49739457688756872) (-0.43926834312993396,-0.89835589981024899) (0.56116598924332195,-0.82770328772849666)
 (1,0) (-0.72305359924353796,-0.69079193149671747) (-0.51898287745114047,0.85478463539802474) (-0.29123645733961845,-0.95665109936500281) (0.80322213869688319,0.59567960843662049) (-0.49978492190283408,0.86614954357696106) (0.92729690427948031,0.37432666390960251) (-0.47560354368353874,-0.87965974628583521) (-0.068910659724423437,-0.99762283503152871) (0.666321926838364,-0.74566419373227921) (-0.69384403697717412,-0.72012530322938828) (-0.50605217779019451,0.86250286570758827) (-0.04366476357519157,0.99904623938130288) (0.5867976384261242,0.80973361764071738) (-0.65934483506336194,-0.75184066694697205) (-0.96537107924966037,-0.26088058446029688) (0.274122184330925,-0.96169487263770037) (-0.98137512022562556,-0.19210120614441356) (0.54211415892905479,0.84030484866424793) (0.25050148567160929,0.96811621496404898) (0.74195596930137886,-0.67044861072124839) (-0.70046534813722383,-0.71368641297070945) (-0.10630963873999388,0.99433307332652476) (0.91172808694375762,-0.41079422522459613) (0.46810430421766647,0.8836732203551797) (0.8710651049484619,-0.49116757114158599) (0.9888989103590814,0.14858985527491894) (-0.95599597157019456,-0.29337979197886199) (-0.84213378226907287,0.53926866473139889)
 (1,-5.5511151231257827e-17) (0.93689711389976438,0.34960520300231734) (0.99209600765695172,0.12548112045697379) (0.8618358394568757,0.50718732814184242) (-0.81586135015401262,0.57824757442195251) (0.55326514377970892,0.83300521047495057) (-0.51393145378290184,-0.857831254275917) (-0.37963804483909452,-0.92513510089648499) (0.0067530108800806232,-0.99997719816206443) (-0.29949308776770506,-0.95409846995966052) (0.20400788594842861,0.97896924490550374) (-0.80962948235924426,0.58694130992349036) (-0.8885874707356709,0.45870721255674984) (-0.057498147901117125,-0.99834561299579072) (-0.35489086404218612,-0.93490773588594789) (0.9312977984897941,-0.36425871372976432) (-0.96537107924966015,-0.26088058446029672) (0.12740999687027543,0.99185013620885076) (0.22461220130023046,0.97444823311813977) (-0.96779279297740917,-0.25174810795909813) (-0.99802197488428313,-0.062866029364638087) (-0.27024380105733531,-0.96279192351726905) (0.12833020925135979,0.99173149460602583) (-0.21115446703358667,0.97745270527619998) (0.94019070148764206,-0.34064856499943613) (0.99873896614552948,0.050204357406085698) (-0.99885140411956852,-0.047915263626166882) (0.84615839118618608,0.53293149374493221) (-0.22062784544905256,-0.97535806441147987)
 (1,-5.5511151231257827e-17) (0.010039208943192712,-0.99994960587211312) (0.58650065299062848,0.80994875396012878) (-0.97250500905809067,0.23288196013629431) (-0.99073200955639884,0.13583109084572093) (0.57882207413916487,0.81545386533465747) (0.41296281817720537,0.91074788542336971) (0.99602867340408974,-0.089033037446156094) (-0.97272066507283672,0.2319795416416226) (-0.83889130437345016,0.54429897983241737) (-0.015190111778958293,-0.99988462359621377) (-0.4013797767621195,-0.91591171780166158) (0.39927958848886297,0.91682921540282736) (-0.7985356587640029,-0.60194750741434178) (0.99016860638021753,-0.13987898676733573) (-0.35489086404218612,-0.93490773588594811) (-0.65934483506336194,-0.75184066694697194) (-0.46939907959303995,-0.88298612904009166) (-0.78003102235050759,-0.62574084425648757) (-0.25106639108958673,0.96796986898624582) (-0.97513176022673997,-0.22162592401860298) (0.9843826533987714,0.17604201682437398) (0.99964603632398352,0.026604549643777398) (0.93248983640515215,-0.36119621399052904) (0.99828140105477692,-0.058602425786915102) (-0.98764645517223881,0.15669869044031676) (-0.26140586461000248,0.96522897487979264) (-0.11349734625954233,0.99353829940875449) (0.9537666040670163,-0.30054827393693329)
 (1,5.5511151231257827e-17) (-0.99569265526002493,-0.092715350731372825) (-0.77772124893584027,-0.62860930549402183) (-0.61786241788185625,0.78628622814416993) (-0.73141940756301249,-0.68192789225853823) (0.99853439324686977,-0.054120841670324105) (0.93090992525381355,-0.36524883444569534) (-0.10750676839929446,0.99420435260983431) (-0.9889272931220553,-0.14840083867109488) (0.7427626716499367,-0.66955478760400777) (0.20236599420833712,0.97930996338650145) (0.99022241378245357,-0.13949756715746564) (0.11342405225088054,0.99354666944788739) (0.70060174629734739,0.71355251599662051) (-0.79853565876400279,-0.601947507414342) (-0.057498147901117125,-0.99834561299579083) (0.5867976384261242,0.80973361764071727) (-0.98364359421947256,-0.18012573261751663) (0.38760992825262053,-0.92182348826659788) (-0.94552942089927217,0.3255366557146635) (0.95367065841310239,0.30085258064693399) (0.40807779144486078,-0.91294715954949146) (0.84724051729795802,0.53120947454717726) (-0.99137310491354169,0.13107008374943485) (-0.84824535963974612,0.52960344584381003) (-0.21279323203569062,0.97709725227318334) (-0.99025570927280482,-0.13926101483406506) (0.40144734282720768,-0.91588210536999437) (0.78333894545621829,-0.6215948009206147)
 (0.99999999999999989,0) (-0.89678015891368945,-0.44247637968454079) (-0.90359244284544626,0.42839315731299848) (0.69414376892901763,-0.71983638978383047) (-0.902106541318064,-0.43151336956247399) (0.36421205085526503,0.93131604840236804) (0.52672704115740043,-0.85003448407318727) (0.86530930401778883,0.50123827505513763) (0.65283919942816393,-0.75749652123953248) (0.99988804828446398,0.014962984257349488) (0.0036802137574764582,-0.99999322799041956) (-0.99931658007869395,-0.036964479975022724) (-0.86536922855274589,-0.50113481047920239) (0.11342405225088067,0.99354666944788739) (0.39927958848886286,0.91682921540282747) (-0.8885874707356709,0.45870721255674984) (-0.043664763575191418,0.99904623938130277) (0.80241067668194688,0.5967722395913031) (-0.13709193769421643,-0.99055832772191965) (-0.2416959676871635,-0.97035202849469326) (-0.085630023906556468,0.99632700405326946) (-0.76301323573409052,0.64638286030385494) (0.92032882930784687,-0.39114555595692058) (-0.71966195709160907,-0.69432461249409494) (0.99896602637777809,0.045462931526603911) (0.080358573804329286,-0.99676602049635221) (-0.7688268794093972,0.6394569801774066) (0.7937523305560642,0.60824110165033773) (-0.99998251635475044,0.0059132888327935729)
 (1,-2.7755575615628914e-17) (0.97875341900024859,-0.20504083689675981) (0.73707263898225439,-0.67581352817455154) (0.85216631826583444,0.52327102539052683) (-0.99310652347748807,0.11721532760888623) (-0.97391191735248361,-0.22692636964180471) (-0.90948306018392056,0.41574098094666123) (-0.70951605486479319,0.70468927045123897) (0.89436924312558908,0.44732947248192928) (-0.087412856133870676,-0.99617217015058146) (-0.087278160468801047,0.99618398034960509) (-0.91291057425718869,0.40815962981339904) (-0.99931658007869406,-0.036964479975022779) (0.99022241378245357,-0.13949756715746567) (-0.40137977676211944,-0.91591171780166181) (-0.80962948235924437,0.58694130992349036) (-0.5060521777901944,0.86250286570758827) (-0.79886776099823575,-0.60150669193090966) (-0.33728411124674074,-0.9414029043403771) (0.99204016909029391,0.12592181269066002) (0.88154915966735192,-0.47209223578638371) (0.99985967033798029,-0.016752302278363385) (0.8143864719322873,-0.58032290522921992) (0.65297832102251441,-0.75737659871072005) (-0.96118128445855167,-0.27591762974954903) (0.019192097602555747,-0.99981581473270087) (-0.078073922529996925,0.99694757265403888) (-0.66408444175322567,0.74765757818757306) (0.41689876190618358,0.90895292635047453)
 (1,0) (-0.21589856593755907,0.97641579730466499) (-0.83206158465735758,-0.55468326037251747) (0.62524719491885894,-0.78042677122590942) (0.99594489040484402,0.08996541155624227) (0.089263906189989639,-0.99600800953190349) (0.82698803882380023,0.56221951552962313) (-0.22741832079026514,0.97379715925285804) (-0.40695650683286616,-0.91344753628568642) (-0.088925876189407116,0.99603824652668127) (-0.39770914855760875,0.91751154388028344) (-0.087278160468801103,0.99618398034960531) (0.0036802137574766247,-0.99999322799041979) (0.20236599420833712,0.97930996338650145) (-0.015190111778958237,-0.99988462359621388) (0.20400788594842872,0.97896924490550397) (-0.69384403697717412,-0.72012530322938828) (0.99989674912271742,-0.014369797974261689) (-0.99630425316441529,-0.085894325345144573) (-0.33713209699544766,0.94145735388038265) (-0.95449782064532518,-0.29821789078344257) (0.98557913198638736,-0.16921517246676948) (0.47157278101166028,-0.88182714417788743) (0.60710941978895949,0.79461824318569008) (0.7974790976364875,0.60334657439393324) (-0.7792197629651334,-0.6267507965727378) (-0.90431722163727624,-0.42686105778137828) (-0.9388452888131017,-0.3443392566546013) (0.066463452612748442,-0.99778886016370838)
 (1,0) (-0.27532834984797122,-0.96135024822901727) (-0.49301904138867203,0.8700185198190864) (0.99808844164136068,-0.061801801445583282) (0.27798204983069746,0.96058626888579024) (-0.19826526929888438,-0.98014839845292856) (-0.039003809283923441,-0.99923906191728884) (-0.68798370142518206,0.725726137446699) (0.99541967355858607,0.095601639591159526) (-0.27673976916735693,0.96094489964888052) (-0.088925876189407227,0.99603824652668127) (-0.087412856133870787,-0.99617217015058146) (0.99988804828446409,0.014962984257349654) (0.74276267164993681,-0.66955478760400788) (-0.83889130437345005,0.54429897983241737) (-0.29949308776770522,-0.95409846995966063) (0.66632192683836378,-0.74566419373227921) (-0.23530472237540156,-0.9719216468562859) (-0.47986188482834891,0.8773440439696305) (-0.96178262317394192,-0.27381414455913622) (-0.023891533439234391,0.99971455657598685) (0.99183051864025895,0.12756262106822169) (0.15808403155583306,0.98742566250176722) (-0.99924883043951684,0.038752740099994187) (0.35041669258272468,-0.93659390429330869) (-0.8530573317161867,-0.52181719864839649) (0.56683480053524082,-0.82383148088803515) (-0.21613784293939237,0.97636285921244781) (-0.69328102132902003,0.72066734730039639)
 (0.99999999999999989,0) (0.82963335104617919,0.55830860895376389) (0.62918656050130384,0.77725431622123442) (0.740481445074472,0.67207680327505748) (-0.1471687622126174,-0.98911139687540006) (-0.29543349902191524,0.95536330663034497) (0.8560111940868147,0.51695728604795355) (-0.83816117255900213,0.54542263320705575) (-0.9972268881763996,0.07442132421566873) (0.99541967355858596,0.095601639591159485) (-0.40695650683286616,-0.91344753628568642) (0.89436924312558896,0.44732947248192922) (0.65283919942816393,-0.75749652123953248) (-0.98892729312205518,-0.14840083867109483) (-0.97272066507283672,0.23197954164162249) (0.0067530108800806787,-0.99997719816206443) (-0.068910659724423423,-0.9976228350315286) (-0.53036171281659039,0.8477714630596217) (-0.91219624679952416,0.40975359342519763) (-0.0076658444353211869,-0.99997061698286571) (0.7370251842490777,-0.67586528079389718) (0.7516363673262928,0.65957772196499564) (-0.53146149315297908,-0.84708245247768277) (-0.1816764521939257,0.9833583612896305) (-0.96319467902138389,-0.26880478103057048) (-0.42613359849934324,-0.90466024353344932) (0.22335715807438306,0.97473667210018033) (0.94922834136641432,-0.31458791449571832) (-0.99774525507617295,0.067114871474074703)
 (1,-2.1684043449710089e-19) (0.98946926052812012,-0.1447431603563181) (-0.85417800160301882,0.51998071269756985) (0.36547634220811909,-0.93082062895392115) (-0.086345563716727011,-0.99626524762557089) (-0.29905517752165539,-0.95423582032822984) (-0.95378972940678275,-0.30047487761564268) (-0.66849702333054617,-0.74371481751959145) (-0.83816117255900202,0.54542263320705564) (-0.68798370142518217,0.725726137446699) (-0.22741832079026514,0.97379715925285792) (-0.70951605486479319,0.70468927045123897) (0.86530930401778883,0.50123827505513752) (-0.10750676839929435,0.9942043526098342) (0.99602867340408952,-0.089033037446155899) (-0.37963804483909447,-0.92513510089648487) (-0.47560354368353874,-0.87965974628583521) (0.82871202067358585,0.55967525118688388) (0.9347563222119657,-0.35528948490598472) (-0.096997120653765562,-0.99528466208662081) (0.98124802735690553,-0.19274934191374429) (-0.70567414500565695,-0.70853652063287087) (-0.64847420188324922,-0.76123663173278933) (-0.81716945969847643,-0.57639749664281148) (0.24157994549832656,0.97038092001699261) (-0.30231334920658343,0.95320860198148571) (0.37208509403062173,0.92819862249424945) (0.30957042884876401,0.95087651647434857) (0.97408595980934543,0.2261781220682173)
 (1,0) (-0.90450826822153174,0.42645608533456925) (-0.0089486859567552979,-0.99995995970821117) (-0.9775057289132737,-0.21090886643697324) (0.73533442641370061,-0.67770442032705858) (0.51222032323638333,0.8588540856650877) (-0.82885475641897799,0.55946384401642624) (-0.95378972940678297,-0.30047487761564257) (0.85601119408681492,0.51695728604795343) (-0.039003809283923496,-0.99923906191728862) (0.82698803882380034,0.56221951552962302) (-0.90948306018392044,0.41574098094666112) (0.52672704115740054,-0.85003448407318727) (0.93090992525381366,-0.36524883444569545) (0.41296281817720537,0.9107478854233696) (-0.51393145378290184,-0.85783125427591711) (0.92729690427948031,0.37432666390960245) (-0.99181809197359672,0.12765920426609745) (0.58394083328054136,0.81179622025951048) (-0.32735915377506064,-0.94489998647458784) (-0.83713887620083072,0.54699040389499609) (0.50597936226700946,0.86254558427938754) (-0.80384468716790225,-0.59483923787182846) (0.98494475285033256,0.17286941265763828) (0.99420713006344108,-0.10748107987462652) (-0.87549133630896925,0.48323381509155083) (-0.070702085539563864,0.99749747623758733) (-0.69329841896326139,-0.72065061039524658) (-0.06184460779267098,-0.99808579014379839)
 (1,0) (-0.14996676202677814,-0.9886910388423692) (-0.99989875432651731,0.014229585246181092) (0.50585744806445265,0.86261708900167222) (0.81605754863452706,-0.57797065437321837) (-0.78698981041785732,-0.61696599444253331) (0.51222032323638333,0.8588540856650877) (-0.29905517752165545,-0.95423582032822996) (-0.29543349902191529,0.95536330663034519) (-0.19826526929888433,-0.98014839845292856) (0.089263906189989625,-0.99600800953190338) (-0.97391191735248361,-0.22692636964180468) (0.36421205085526498,0.93131604840236826) (0.99853439324686977,-0.054120841670324105) (0.57882207413916476,0.81545386533465769) (0.55326514377970881,0.8330052104749508) (-0.49978492190283397,0.86614954357696106) (0.50505686926021642,0.86308606686301459) (0.49275731703623982,-0.87016678085712207) (0.29916926890547929,0.95420005687620912) (-0.50128740159422391,-0.86528084516121773) (0.81079795661093224,-0.58532612580982279) (-0.92459047336909883,0.38096253956931925) (-0.23345202626157144,0.97236832087145175) (-0.25536360459669422,-0.96684509071897473) (-0.99695925689810705,0.077924579467418681) (-0.43556491552578713,-0.90015732200711063) (0.99971191578679919,-0.024001779806656715) (-0.97520242563161985,0.22131477366457841)
 (0.99999999999999989,0) (0.99994228682908204,0.010743510181791122) (0.90598954282235522,0.42330006885959692) (0.36569421527206397,0.93073505409248936) (0.36436854131725038,-0.93125483413421239) (0.81605754863452695,-0.57797065437321826) (0.7353344264137005,-0.67770442032705824) (-0.086345563716727108,-0.99626524762557089) (-0.1471687622126174,-0.98911139687540006) (0.27798204983069741,0.96058626888579002) (0.99594489040484369,0.089965411556242228) (-0.99310652347748773,0.1172153276088862) (-0.90210654131806389,-0.43151336956247399) (-0.73141940756301238,-0.681927892258538) (-0.99073200955639873,0.13583109084572081) (-0.81586135015401273,0.5782475744219524) (0.80322213869688286,0.59567960843662016) (-0.22650661962570959,-0.97400962585886885) (0.27163805104098271,-0.96239948525893193) (0.54342311677553679,0.83945894250639874) (-0.94469855185086404,0.32794000385875577) (-0.91699125255381864,0.39890731096305865) (-0.94786637735069923,0.31866805721324137) (-0.8074390876676909,0.58995094686453964) (0.035054104199551461,0.99938541603265707) (-0.99773890273103527,0.067209240265529435) (0.99063650008301185,0.13652591220453514) (-0.37477362541612513,-0.92711635175551377) (0.7774671628737766,0.62892353323198202)
 (0.99999999999999989,0) (-0.62739994407893251,0.77869718772431118) (-0.30026190454415203,-0.95385679673602897) (0.73549304083194622,0.67753227737708266) (0.36569421527206397,0.93073505409248924) (0.50585744806445265,0.862617089001672) (-0.97750572891327359,-0.21090886643697321) (0.36547634220811909,-0.93082062895392093) (0.740481445074472,0.67207680327505737) (0.99808844164136046,-0.061801801445583116) (0.62524719491885872,-0.7804267712259092) (0.85216631826583411,0.52327102539052672) (0.69414376892901752,-0.71983638978383024) (-0.61786241788185614,0.78628622814416982) (-0.97250500905809045,0.23288196013629414) (0.8618358394568757,0.50718732814184253) (-0.29123645733961845,-0.95665109936500259) (0.5258698521470111,-0.8505650466618524) (-0.32146611426216543,-0.94692108297428068) (-0.98918497028604446,0.14667342826905266) (0.062615265231731831,-0.99803773904595394) (-0.90126979469309099,-0.43325830306397201) (-0.52957489766571597,0.84826318307606974) (0.10279915467689948,-0.99470213320255552) (-0.23208403539900008,-0.97269573891989214) (-0.73343976114145915,0.67975445329674689) (-0.72783762863979906,0.68574950698924508) (-0.76493009969705217,0.64411329948810792) (0.550790436881608,0.83464357341308626)
 (1,-1.3877787807814457e-17) (-0.36244713253197558,0.93200433267198302) (0.99847789888036054,0.055153290449981997) (-0.30026190454415219,-0.9538567967360293) (0.90598954282235544,0.42330006885959692) (-0.99989875432651742,0.01422958524618112) (-0.0089486859567553256,-0.99995995970821117) (-0.85417800160301871,0.51998071269757007) (0.62918656050130395,0.77725431622123464) (-0.49301904138867186,0.87001851981908651) (-0.83206158465735758,-0.55468326037251747) (0.73707263898225439,-0.67581352817455154) (-0.90359244284544638,0.42839315731299848) (-0.77772124893584049,-0.62860930549402183) (0.58650065299062859,0.80994875396012878) (0.99209600765695194,0.12548112045697371) (-0.51898287745114036,0.85478463539802463) (-0.77301857821989661,0.63438338386727078) (0.14709647704712969,-0.98912214940336041) (-0.49157922802850151,0.87083285570246072) (0.98336693841357947,0.18163002074300325) (0.51204663925887484,-0.85895764693242649) (-0.89534786539952738,0.44536748862541564) (-0.77877425207225914,-0.62730428366885338) (0.98154011452183465,0.19125638181368948) (0.31161544015597936,-0.95020830214032304) (0.17147041352237735,0.98518926977838372) (-0.32306966463196846,-0.94637518553403899) (0.35644193783940004,-0.93431747545964949)
 (1,0) (-0.54540788400442863,-0.83817077022872311) (-0.36244713253197558,0.93200433267198279) (-0.62739994407893274,0.77869718772431107) (0.99994228682908204,0.010743510181791122) (-0.14996676202677811,-0.98869103884236886) (-0.90450826822153163,0.42645608533456913) (0.98946926052812001,-0.14474316035631807) (0.82963335104617908,0.55830860895376389) (-0.27532834984797105,-0.96135024822901705) (-0.21589856593755904,0.97641579730466477) (0.97875341900024848,-0.20504083689675978) (-0.89678015891368923,-0.4424763796845409) (-0.99569265526002459,-0.092715350731372853) (0.010039208943192934,-0.9999496058721129) (0.93689711389976427,0.3496052030023174) (-0.72305359924353807,-0.69079193149671725) (-0.70114174617328073,0.71302191535259363) (-0.45314254693947809,-0.89143806972397299) (0.041032425514974297,-0.99915781539072068) (0.10382985715474094,0.99459507376782552) (-0.95818250040906472,0.28615781644021548) (0.96868820206492101,0.24828042045282153) (0.96065890485263927,0.27773092828730411) (0.17924611237312793,0.98380426467825355) (-0.97922077176231248,0.20279714038718896) (0.99844528740789407,-0.05574054227370645) (0.76905929686727714,-0.63917743851141129) (-0.97752384113159585,0.21082490369813847)


# name: N
# type: scalar
29


# name: argn
# type: sq_string
# elements: 1
# length: 1
x


# name: defect
# type: scalar
0


# name: info
# type: complex matrix
# rows: 1
# columns: 28
 (-4.0245584642661925e-16,8.8817841970012523e-16) (-7.7715611723760958e-16,-1.1102230246251565e-16) (2.1094237467877974e-15,-7.0776717819853729e-16) (4.4408920985006262e-16,0) (-1.5265566588595902e-16,-2.2204460492503131e-16) (3.3306690738754696e-16,-2.2204460492503131e-16) (-5.5511151231257827e-16,-1.3877787807814457e-16) (1.3496148643099559e-15,-1.2212453270876722e-15) (-5.5511151231257827e-16,-5.134781488891349e-16) (1.1102230246251565e-16,-2.2204460492503131e-16) (-2.2204460492503131e-16,-9.9920072216264089e-16) (3.3306690738754696e-16,-2.7755575615628914e-16) (7.7715611723760958e-16,-1.1102230246251565e-16) (-2.2204460492503131e-16,3.3306690738754696e-16) (0,1.5543122344752192e-15) (1.1102230246251565e-16,7.2164496600635175e-16) (8.3266726846886741e-17,3.3306690738754696e-16) (1.27675647831893e-15,0) (-4.4408920985006262e-16,-6.6613381477509392e-16) (1.4432899320127035e-15,-3.3306690738754696e-16) (3.3306690738754696e-16,-7.7715611723760958e-16) (8.8817841970012523e-16,-3.3306690738754696e-16) (-7.7715611723760958e-16,-2.2204460492503131e-16) (-6.6613381477509392e-16,-3.8857805861880479e-16) (-4.7184478546569153e-16,-7.7715611723760958e-16) (-1.4710455076283324e-15,0) (-4.4408920985006262e-16,4.4408920985006262e-16) (-1.6653345369377348e-16,1.3322676295501878e-15)


# name: is_convergent
# type: scalar
2.5049003017887718e-14


# name: is_unimodular
# type: matrix
# rows: 1
# columns: 29
 1.4244977807354429 1.4244977807354431 1.4244977807354429 1.4244977807354431 1.4244977807354426 1.4244977807354433 1.4244977807354429 1.4244977807354431 1.4244977807354431 1.4244977807354431 1.4244977807354431 1.4244977807354424 1.4244977807354426 1.4244977807354429 1.4244977807354433 1.4244977807354431 1.4244977807354429 1.4244977807354433 1.4244977807354426 1.4244977807354429 1.4244977807354426 1.4244977807354431 1.4244977807354431 1.4244977807354429 1.4244977807354431 1.4244977807354431 1.4244977807354431 1.4244977807354431 1.4244977807354433


# name: spectrum
# type: scalar
5.3851648071345091


# name: x
# type: complex matrix
# rows: 1
# columns: 29
 (1.29715222922888,-0.5887189665084257) (0.26340905626078764,1.3999319970627158) (0.7112491156078522,1.2342279460728678) (0.12544208661613468,-1.4189637804488149) (-1.2036171572927126,0.76190528675866986) (-0.43933586353471166,-1.3550564292059619) (-0.31641111260096916,-1.3889125008951495) (-1.2980723678657942,0.58668735720440812) (-0.46115614722915083,-1.3477866801511906) (1.2482349897081948,0.6863696801202579) (1.2739583261496257,0.63735712952335155) (-0.86121129659425832,-1.134684550850428) (1.1629471219794816,-0.82264689800657609) (0.11776642037473008,-1.4196214275476136) (-1.3031865701282601,-0.57523794273113149) (-1.1202603056262812,-0.87989247920317715) (1.3575590512535718,-0.43154066978641031) (0.91209228440808043,-1.0942036337188121) (-1.4103312437293674,-0.2003988779434081) (-1.4188511981458338,0.12670913479435364) (-1.3983091402411254,-0.27189239716903807) (1.3485093303171916,0.45903868395559233) (0.39087112849184019,-1.3698225024548683) (1.0237192479002502,0.99055177996849197) (-1.3688793307472698,0.39416152168002055) (1.3900051833201834,-0.31157586181093277) (-0.26154410743478745,-1.4002816170993402) (1.4244976933279843,-0.00049902249889986067) (0.62435863534401759,1.2803789367962748)


# name: x0
# type: complex matrix
# rows: 1
# columns: 29
 (1.29715222922888,-0.5887189665084257) (0.26340905626078764,1.3999319970627158) (0.7112491156078522,1.2342279460728678) (0.12544208661613468,-1.4189637804488149) (-1.2036171572927126,0.76190528675866986) (-0.43933586353471166,-1.3550564292059619) (-0.31641111260096916,-1.3889125008951495) (-1.2980723678657942,0.58668735720440812) (-0.46115614722915083,-1.3477866801511906) (1.2482349897081948,0.6863696801202579) (1.2739583261496257,0.63735712952335155) (-0.86121129659425832,-1.134684550850428) (1.1629471219794816,-0.82264689800657609) (0.11776642037473008,-1.4196214275476136) (-1.3031865701282601,-0.57523794273113149) (-1.1202603056262812,-0.87989247920317715) (1.3575590512535718,-0.43154066978641031) (0.91209228440808043,-1.0942036337188121) (-1.4103312437293674,-0.2003988779434081) (-1.4188511981458338,0.12670913479435364) (-1.3983091402411254,-0.27189239716903807) (1.3485093303171916,0.45903868395559233) (0.39087112849184019,-1.3698225024548683) (1.0237192479002502,0.99055177996849197) (-1.3688793307472698,0.39416152168002055) (1.3900051833201834,-0.31157586181093277) (-0.26154410743478745,-1.4002816170993402) (1.4244976933279843,-0.00049902249889986067) (0.62435863534401759,1.2803789367962748)


