# Created by Octave 5.2.0, Fri Sep 17 14:18:41 2021 UTC <root@0x00>
# name: F_norm
# type: scalar
1.1703014581179901e-13


# name: H
# type: complex matrix
# rows: 30
# columns: 30
 (1,0) (1,0) (1.0000000000000002,6.9388939039072284e-18) (1,5.5511151231257827e-17) (1,0) (1,0) (1,5.5511151231257827e-17) (0.99999999999999989,0) (0.99999999999999978,0) (1,-5.5511151231257827e-17) (1,0) (1,0) (1,0) (1,0) (1,0) (1,5.5511151231257827e-17) (1,0) (1,-2.7755575615628914e-17) (0.99999999999999989,2.7755575615628914e-17) (1,-5.5511151231257827e-17) (1,0) (1,0) (1,-5.5511151231257827e-17) (1,-5.5511151231257827e-17) (1,0) (1,0) (1,2.7755575615628914e-17) (1,0) (1,-5.5511151231257827e-17) (1,2.7755575615628914e-17)
 (1,0) (-0.30291077160444696,0.9530189213473147) (0.97206806704046878,-0.23469911171584651) (0.70024219261318787,0.7139053660565059) (-0.29948554222055107,0.9541008384866162) (0.88581679288724069,0.46403513815115599) (-0.42663666329560057,0.9044231075840532) (0.26756651775304008,-0.96353939129519328) (-0.77301372866258622,-0.63438929317822312) (-0.8026345496528271,0.59647110550604443) (0.15606781543592102,0.98774634243061554) (-0.25980328291258981,-0.9656615629649139) (-0.1450255174193317,-0.98942791515969242) (-0.82151322014454764,0.5701894677453585) (0.083862579882744648,0.99647732924307464) (-0.82828025060671062,-0.56031404270719909) (0.20110977228702631,0.97956871095939968) (0.98241736257552259,-0.18669795314934401) (-0.94606146894107102,0.32398718645196689) (0.10551931965771982,-0.99441725305777551) (0.18610262780711284,-0.98253031094378318) (-0.57998484527518479,-0.81462726399938279) (-0.061906363848055146,0.99808196162194618) (-0.76287239591124889,-0.64654907590733668) (0.9992182360483064,-0.039533741898668873) (-0.75536947272590926,-0.65529913755000579) (-0.23063389894219816,0.97304059764159889) (0.078929759381864584,-0.99688017990324251) (0.98551073429536173,0.16961306726964182) (0.39170019449734139,-0.92009290706468616)
 (1,0) (-0.9955161579829036,0.094591644424646903) (-0.94550889247578918,0.32559627493140575) (-0.1550439049487379,0.98790758046400562) (-0.76694191440299775,-0.64171652614831798) (-0.92709118091830711,-0.37483588710727661) (-0.86740294540242258,-0.49760640099098441) (-0.30425722972195635,0.95258991080208277) (-0.8495809100223799,-0.52745831809304544) (0.34698807840340562,0.93786953967271569) (0.36395623487346102,-0.93141605048266873) (0.732512639630998,0.68075343023801682) (-0.72486331847029006,-0.68889271264561824) (-0.40414360691143447,0.91469554770569161) (0.45966677448211402,-0.88809146850828902) (0.99413858315965387,0.10811326224528042) (0.99994793428361672,-0.010204348187267454) (-0.70187540347673272,0.71229973887007247) (-0.79573464713343101,-0.60564541718024534) (-0.80996518886112046,0.58647795596524166) (-0.10934951830152279,-0.99400336158748726) (-0.74062148934028849,-0.67192247285484696) (0.81875708245151302,0.57414008737893041) (0.93500634210702693,0.35463099162317596) (0.25807517682884845,-0.96612483826095585) (0.26919377026653435,-0.963086036680881) (0.85521595702446573,0.51827180788725791) (0.090613218728783307,0.99588616045791589) (0.98831378183453189,-0.15243316120819755) (0.98551073429536185,0.16961306726964187)
 (0.99999999999999989,0) (-0.13687735453414956,0.99058800205521058) (-0.87658378002392434,0.48124928737502493) (-0.95738739680100893,-0.28880680817215376) (-0.95841862385884513,-0.2853659780711747) (-0.53284069882129637,-0.8462155692727662) (0.60880504771262833,-0.79331986857737558) (-0.5820655738026379,0.81314184973705816) (0.73518515890151814,-0.67786634532992507) (0.96793309766621694,-0.25120811778738739) (-0.7766266417845491,0.62996115695370736) (-0.9981556757134753,0.06070623560207547) (0.41942779773191152,-0.90778869925206618) (0.99985185751345651,-0.017212292900421061) (-0.98696400612964141,-0.16094114018649722) (-0.78453620357984177,0.62008301482344264) (0.26152586631477504,0.96519646769365419) (0.93288979758993518,-0.36016194350959729) (0.27409541708291657,-0.96170250199016383) (-0.55291267144168366,0.83323920800645257) (0.57282371342005467,0.81967859148794286) (-0.62261544918036482,0.78252795633250871) (0.58777870416206368,-0.8090217518296805) (-0.41380317139623946,-0.91036637423754574) (0.98838857459363116,0.15194744358747833) (-0.72094907901138416,0.69298804136336789) (0.94446031695656385,0.32862548546073961) (0.4380279983227211,-0.89896132991658229) (0.090613218728783362,0.99588616045791556) (0.078929759381864584,-0.99688017990324229)
 (1,0) (-0.97395434808081893,-0.22674419034336346) (-0.98409113874633536,0.17766437639814736) (0.21233942602320466,-0.97719597223695898) (0.86875090833966684,0.49524929001363072) (0.63878756888612354,-0.76938315671488156) (0.19886062016227596,0.98002778213103436) (0.74890495928486278,-0.66267741923090939) (0.33473445528257467,0.94231249829696984) (-0.99419191223800241,-0.10762175263646212) (-0.88249819946050567,0.47031577471839647) (-0.52052244006111437,0.85384798962861241) (-0.95957886913049828,0.28143985843912295) (-0.96818249160670888,0.25024520564083536) (-0.98381032620715481,0.17921284007618504) (-0.62676695800381044,0.77920676354524199) (0.58139741020005231,-0.81361972162225293) (-0.86209107116525541,0.50675337691735622) (-0.70142467685496923,-0.71274358832535367) (0.29967611458676929,-0.95404099825226418) (-0.63964614710185252,0.76866950407685297) (0.96558119036717538,0.26010183545893645) (0.60917083318299292,-0.79303902552089967) (-0.31309079466090672,-0.9497231987787822) (0.8550320253754109,-0.51857519761595117) (0.7090181550159449,-0.70519022671743359) (0.81855333157204635,-0.57443053833540547) (0.94446031695656374,0.32862548546073983) (0.85521595702446573,0.51827180788725791) (-0.23063389894219821,0.973040597641599)
 (1,-2.7755575615628914e-17) (0.99718759307826621,0.074946008638049608) (0.23858122001691928,0.97112254708416634) (-0.37437065689918214,0.92727914419169066) (0.28153425593648695,-0.95955117775671017) (0.6946532350149941,-0.71934475954385302) (0.78392517287433461,-0.62085531594240539) (-0.16134928725861217,-0.98689736421835494) (0.26663419859114734,0.96379780251962421) (-0.35007069036826427,0.93672328451100517) (-0.960610115862785,0.27789963170556053) (0.55269966359122025,-0.83338051445072259) (0.16838874577967991,-0.98572066544977432) (-0.90216402297479836,-0.43139317988341708) (-0.84210392646549281,0.53931528536784457) (0.18084891241159398,-0.98351089006657377) (-0.23981695962398453,0.97081812193464345) (-0.98008323373758299,-0.19858714698208133) (-0.88850862005745623,-0.4588599264302724) (0.78605895892883626,0.61815152922864569) (-0.25593812819616363,0.96669316462642019) (-0.15675221252245289,-0.98763796194218634) (0.99573927147881724,0.092213357138936525) (0.43087184752634666,0.90241312657187844) (-0.83054052304477777,0.55695820272306507) (0.063291928237725198,0.99799505600977334) (0.70901815501594467,-0.7051902267174337) (-0.72094907901138416,0.69298804136336789) (0.26919377026653429,-0.963086036680881) (-0.75536947272590926,-0.65529913755000579)
 (1,0) (-0.39570292739788299,-0.91837856750293712) (-0.63986692230376863,0.76848573294596967) (-0.15973633267674403,-0.9871597155592321) (0.99964338438182776,-0.02670400834420239) (-0.053333847330420014,0.99857673752643361) (-0.88038170144903516,-0.47426581128487644) (0.89726950802873395,0.44148321594583123) (-0.18828737495826015,-0.98211397731186312) (0.99860753308924544,-0.05275409801533959) (0.87096155687458876,-0.49135116408388757) (-0.95178526774911942,-0.30676506335587894) (0.9625562030135415,-0.27108219425140001) (-0.91362795978957811,-0.40655128961882836) (0.34524825042197926,0.93851139874833822) (-0.77160396851379343,0.63610322729393975) (-0.74168337517869221,0.67075015541074912) (-0.61327577376981002,-0.78986886589296734) (-0.66402787884675873,0.74770781466711611) (-0.13176649696773662,-0.99128078276382037) (-0.13855715085229692,0.99035443955570446) (-0.47619780952130097,0.87933818648294482) (-0.68947384832419756,0.72431057736099747) (0.99673599433646687,0.08073015294234348) (-0.93188728431840862,-0.36274796943010162) (-0.83054052304477799,0.55695820272306529) (0.8550320253754109,-0.51857519761595139) (0.9883885745936315,0.15194744358747841) (0.2580751768288484,-0.96612483826095608) (0.99921823604830662,-0.039533741898668928)
 (1,0) (-0.34035037094371956,0.94029868924638693) (-0.56810232956783924,-0.82295792306751347) (-0.99912368177284117,0.041855328462239438) (0.98325229660160052,0.18224961242120516) (0.8797872168377826,0.47536770303506026) (-0.86094394859641254,-0.50869983032749055) (-0.72051209917221282,0.69344236598757902) (-0.37721103376253973,-0.92612733250228385) (0.7096288095355171,0.70457572529658175) (0.16912614511112881,0.98559441305227058) (-0.67200642796849186,-0.74054531310989102) (-0.20434803082517614,0.97889830028347313) (-0.66618883302717913,0.74578310436070128) (0.36558291303824764,-0.93077877806408416) (0.27809053793179583,-0.96055486710172089) (-0.75285175060989296,-0.65819012572631319) (-0.63446850386440135,0.77294871602459458) (0.81376327037418628,0.58119647262342311) (0.64371522047257479,0.76526512721536233) (-0.99552996320252418,-0.094446240613279886) (0.90468278710200434,-0.42608573635050162) (-0.82656698081159086,-0.5628383659915257) (0.99772693511853938,-0.067386667368005637) (0.99673599433646687,0.080730152942343453) (0.4308718475263465,0.90241312657187844) (-0.31309079466090683,-0.9497231987787822) (-0.4138031713962394,-0.91036637423754574) (0.93500634210702693,0.35463099162317596) (-0.76287239591124878,-0.64654907590733668)
 (1,-5.5511151231257827e-17) (-0.38509123683810353,-0.92287850734021315) (-0.55857902307541218,-0.82945130958973068) (0.49008789765316729,0.87167301929903629) (0.42663263405491852,0.90442500825627503) (-0.99930692599763593,0.037224557125038471) (0.23099531694196013,-0.97295486203157622) (0.10131427045428304,-0.99485447106715863) (-0.70944234668608508,0.70476347573390952) (-0.98752252779023775,0.15747779877423551) (-0.077856589693658385,-0.99696456879934925) (-0.42139475221577027,0.90687731408664607) (-0.014708889674637626,-0.9998918184306429) (0.89301053973137567,0.45003574961182358) (0.99832272607674333,-0.057894167225204185) (0.26284699035052317,-0.96483753019027618) (-0.81170135067284277,0.58407269865649636) (0.98516905545711841,-0.17158651511622297) (0.33882937324951168,0.94084783882588741) (-0.022860222330328861,0.9997386709710735) (-0.3481481589011251,0.93743952309136025) (-0.94154081812599089,-0.33689892817080969) (-0.88255466025931717,-0.47020981662930095) (-0.82656698081159086,-0.5628383659915257) (-0.68947384832419756,0.72431057736099747) (0.99573927147881736,0.09221335713893658) (0.60917083318299303,-0.79303902552089989) (0.5877787041620639,-0.80902175182968072) (0.81875708245151302,0.57414008737893052) (-0.061906363848055201,0.99808196162194629)
 (1,0) (0.96994309892159924,0.24333184102037569) (-0.76859028113571715,0.63974133815450751) (-0.9901542206504742,-0.13998078199542718) (0.26671520709305663,0.96377538789144712) (0.99979664913691624,-0.020165821941948686) (-0.94222269259920577,-0.33498716027797548) (-0.42776722840716974,0.90388893029002648) (0.74733070838316817,0.66445226488252107) (-0.9961600235553254,-0.087551170581859752) (-0.92985033529014027,0.36793797569809661) (0.39190371138573582,0.9200062396538865) (0.22554070647820329,-0.97423374490997439) (0.77543546996694812,-0.63142682229783076) (0.94895248988184,0.31541904182698954) (-0.45724273065311805,0.88934193945010864) (0.0015350849712884862,-0.99999882175637145) (0.76657026952442486,0.64216043313275772) (0.53484710959721526,0.8449488560590539) (-0.29733695497355006,-0.95477260916254669) (0.14756930321457351,-0.98905171793428759) (-0.31936669479386626,-0.94763121215821178) (-0.94154081812599089,-0.33689892817080969) (0.90468278710200434,-0.42608573635050179) (-0.47619780952130086,0.87933818648294482) (-0.15675221252245289,-0.98763796194218634) (0.96558119036717549,0.26010183545893639) (-0.62261544918036482,0.78252795633250904) (-0.7406214893402886,-0.67192247285484696) (-0.57998484527518479,-0.81462726399938268)
 (1,5.5511151231257827e-17) (-0.60067153943561391,-0.79949590475001808) (-0.5872042284960669,0.80943881426352393) (0.65908994786184882,-0.7520641200239937) (0.48598585026641505,0.87396667747736834) (-0.67393657089063175,-0.73878921108539242) (-0.50681206248387434,-0.8620565719956208) (-0.33313642079999378,-0.94287863754386159) (-0.17622798240090815,0.98434937812694601) (0.64907928768210321,-0.76072076237085395) (0.85269953711609014,0.52240166481549932) (-0.99978162686668737,0.020897334274937618) (-0.070413089353528746,0.9975179180584629) (-0.97146343528902501,-0.23718936294961812) (-0.98897295972868771,0.14809620159031128) (0.99933675103614372,-0.036415079685817642) (0.77777101564765494,-0.62854772867174935) (0.90794367928619757,0.41909220375025197) (0.83387000713138315,-0.55196087832989227) (-0.15941635459723483,0.98721143930108912) (0.48293361642816129,-0.87565696601101584) (0.14756930321457354,-0.98905171793428748) (-0.34814815890112505,0.93743952309136003) (-0.99552996320252407,-0.094446240613279719) (-0.13855715085229686,0.99035443955570435) (-0.25593812819616368,0.96669316462642008) (-0.63964614710185241,0.76866950407685297) (0.57282371342005467,0.81967859148794286) (-0.10934951830152295,-0.99400336158748703) (0.18610262780711276,-0.98253031094378307)
 (1,-5.5511151231257827e-17) (-0.99274246771335362,-0.12025968900010292) (0.48148874992566904,-0.87645227120192759) (-0.32908093358501433,-0.94430172040021976) (-0.74234765215911658,0.67001489784470325) (-0.97758262555789988,0.2105521555513577) (0.46704644493431191,0.8842327851161258) (-0.43299259630182418,-0.90139747700323924) (-0.9871640849766623,-0.15970932763050633) (0.79660511930550171,-0.60450002803661429) (-0.3545858455815093,0.93502346393726699) (0.9950387863509419,0.099487756318272391) (-0.938121255433922,0.34630695936276146) (0.74952039722299157,-0.66198124908994727) (0.99949811853605774,-0.03167824242095682) (-0.25604439296046261,0.9666650241078899) (-0.91058139788773718,0.41332979304765094) (0.86974159764690584,0.49350739946084732) (-0.084588497438540244,-0.99641597041651708) (0.78618081119941752,-0.61799654699830242) (-0.1594163545972348,0.98721143930108912) (-0.29733695497355001,-0.95477260916254658) (-0.022860222330328833,0.9997386709710735) (0.6437152204725749,0.76526512721536222) (-0.13176649696773668,-0.99128078276382015) (0.78605895892883626,0.6181515292286458) (0.29967611458676924,-0.95404099825226418) (-0.55291267144168366,0.83323920800645279) (-0.80996518886112034,0.58647795596524166) (0.10551931965771977,-0.99441725305777551)
 (1,-1.1102230246251565e-16) (-0.97966139641497696,-0.20065778921900246) (-0.22025284986014704,-0.97544281335631577) (0.37008478272500972,0.92899798363364661) (0.13646570031942973,0.99064479640097458) (-0.34983963078200048,-0.93680960324620566) (0.99245547294066949,0.12260560439927476) (0.31532311425283432,0.94898436953297272) (-0.99107652544480174,-0.13329411356942555) (0.55171338193147978,0.83403377881098339) (-0.61251129456508202,0.79046183590999952) (0.0060634744178968969,0.9999816169700233) (0.98853036796185401,-0.15102222226282142) (0.87531370629884997,0.48355549378056795) (-0.61126657067601953,0.79142477821583113) (0.4415856826871849,-0.89721908408464712) (-0.049258930698477865,-0.99878604202623955) (-0.65910184151851847,-0.75205369655822973) (0.080373968261828521,-0.99676477928639007) (-0.084588497438540189,-0.99641597041651708) (0.83387000713138315,-0.55196087832989238) (0.53484710959721526,0.8449488560590539) (0.33882937324951173,0.94084783882588718) (0.81376327037418628,0.581196472623423) (-0.66402787884675851,0.74770781466711611) (-0.88850862005745634,-0.45885992643027229) (-0.70142467685496945,-0.71274358832535356) (0.27409541708291674,-0.96170250199016394) (-0.79573464713343089,-0.60564541718024523) (-0.94606146894107102,0.32398718645196695)
 (0.99999999999999989,-5.5511151231257827e-17) (0.5953381285049818,-0.8034752720203574) (0.95678432645569045,0.29079847428886729) (-0.78514296155179353,0.61931456459999334) (0.96766478554946156,0.2522396931640945) (0.62536031094639466,-0.78033613365845722) (-0.91579568206978756,-0.40164445558520162) (-0.66217863533699317,0.74934601814064361) (-0.6414309993590962,0.76718073037661205) (-0.98464560150566538,0.17456528702908575) (0.91664797608932602,-0.39969549400930499) (-0.74759940254177326,-0.66414993286093482) (-0.98413975688950539,-0.17739486720157904) (0.90963250566499676,-0.41541389557598996) (0.68214486904576455,-0.73121705234118906) (-0.9999330738490213,-0.011569261983726709) (-0.8338139513861984,-0.5520455547087898) (-0.092728772314584706,0.99569140539879641) (-0.65910184151851847,-0.75205369655822984) (0.86974159764690562,0.49350739946084737) (0.90794367928619757,0.41909220375025202) (0.76657026952442486,0.64216043313275772) (0.9851690554571183,-0.17158651511622308) (-0.63446850386440146,0.77294871602459458) (-0.6132757737698098,-0.78986886589296723) (-0.9800832337375831,-0.19858714698208141) (-0.86209107116525541,0.50675337691735622) (0.93288979758993529,-0.36016194350959729) (-0.70187540347673272,0.71229973887007259) (0.98241736257552281,-0.18669795314934395)
 (1,0) (-0.47551148326349602,0.87970951414915899) (0.55517829315257838,-0.8317313645716331) (0.28870646706160824,0.95741766010284368) (-0.1750101451615117,-0.98456663009191403) (0.60156376072520346,0.79882478791168621) (0.26348441609794038,0.96466365250978914) (-0.76560309847860442,0.64331321733659386) (0.99960958494557561,0.027940609959943186) (0.2426191473978366,-0.97012161573482458) (-0.14387174492918792,-0.98959634246041461) (-0.46727245426841379,-0.88411337139643587) (-0.69514194672495266,0.71887250184121176) (0.97119569114220217,-0.23828329674322357) (0.31889087937211291,0.94779143647391162) (-0.99929547267641583,0.037530764559474905) (-0.0031212620390639323,-0.99999512884977726) (-0.83381395138619852,-0.55204555470878969) (-0.049258930698477976,-0.99878604202623933) (-0.91058139788773707,0.41332979304765094) (0.77777101564765494,-0.62854772867174924) (0.001535084971288514,-0.99999882175637111) (-0.81170135067284255,0.58407269865649625) (-0.75285175060989284,-0.65819012572631297) (-0.74168337517869187,0.67075015541074878) (-0.23981695962398447,0.97081812193464367) (0.5813974102000522,-0.81361972162225304) (0.26152586631477515,0.96519646769365419) (0.99994793428361661,-0.010204348187267565) (0.20110977228702642,0.97956871095939957)
 (0.99999999999999989,2.7755575615628914e-17) (0.87262920000344912,0.48838333233367126) (0.89555157700799159,0.44495772037183445) (0.015330732174853257,-0.99988247741971303) (-0.21214423027337129,0.97723836680807841) (-0.87317391077602657,-0.48740878278925226) (0.0021957993665606135,0.99999758922966508) (0.20525554226925108,-0.97870841539641196) (0.18973369546762522,-0.98183558949765015) (0.39738213358582192,0.91765322421205486) (0.28676379512337841,-0.95800131826967616) (0.20327395900502213,0.97912190129238963) (0.41619009251190359,0.90927762916225574) (-0.93434789127094808,-0.35636220068566765) (0.99255890782004286,-0.12176540767838812) (-0.8903438087492761,-0.45528881187860676) (-0.99929547267641572,0.037530764559474905) (-0.99993307384902119,-0.011569261983726681) (0.44158568268718495,-0.89721908408464712) (-0.25604439296046261,0.96666502410788968) (0.99933675103614361,-0.036415079685817642) (-0.45724273065311782,0.88934193945010853) (0.26284699035052317,-0.96483753019027618) (0.27809053793179572,-0.96055486710172089) (-0.7716039685137932,0.63610322729393953) (0.18084891241159398,-0.98351089006657355) (-0.62676695800381022,0.7792067635452421) (-0.78453620357984155,0.62008301482344264) (0.99413858315965364,0.1081132622452803) (-0.82828025060671051,-0.56031404270719898)
 (1,0) (-0.28309487478056472,-0.95909191002373539) (-0.94878216163583362,0.31593102057511929) (-0.78911971348676135,-0.61423943034176076) (-0.96234908122951135,0.27181656656046094) (0.1013743355777893,-0.99484835230610047) (-0.34770807152018979,0.93760284609194278) (-0.94730079514828525,0.32034544403101323) (0.29473494456124005,-0.95557904563384155) (-0.86390452152391006,-0.50365561417554383) (0.39921518958544311,-0.91685725846734667) (0.84365766120050167,-0.536881505266944) (-0.58573947329649534,0.81049939507833357) (0.99820316008258525,-0.059920373840121721) (0.30920268226334036,0.95099616260064734) (0.99255890782004319,-0.12176540767838812) (0.31889087937211313,0.94779143647391195) (0.68214486904576455,-0.73121705234118939) (-0.61126657067601964,0.79142477821583135) (0.99949811853605797,-0.031678242420956737) (-0.98897295972868804,0.14809620159031128) (0.94895248988184022,0.31541904182698965) (0.99832272607674344,-0.057894167225204407) (0.36558291303824747,-0.93077877806408427) (0.34524825042197937,0.93851139874833833) (-0.84210392646549315,0.53931528536784457) (-0.98381032620715492,0.17921284007618532) (-0.98696400612964186,-0.16094114018649719) (0.45966677448211402,-0.88809146850828924) (0.083862579882744925,0.99647732924307486)
 (1,0) (0.92425887068126533,0.38176634210861421) (-0.90476559527298805,0.42590987028984795) (-0.52913687944087218,0.84853648290192818) (-0.49797315101600081,-0.86719244742282819) (-0.28712690381932571,0.95789255196140211) (0.58613539744302512,-0.81021311755877301) (0.65179835902638095,-0.75839231217788339) (0.43053486792335027,-0.90257394572534733) (0.96742121909181467,-0.253172243444865) (-0.89822681213993238,-0.43953224449741235) (-0.22973307618308481,0.97325367387308404) (-0.80901970732582162,0.58778151821781621) (-0.99469845557699754,-0.10283473378549635) (0.99820316008258514,-0.059920373840121721) (-0.93434789127094831,-0.35636220068566771) (0.97119569114220239,-0.23828329674322352) (0.90963250566499676,-0.41541389557599001) (0.87531370629884997,0.483555493780568) (0.74952039722299157,-0.66198124908994715) (-0.97146343528902501,-0.23718936294961809) (0.77543546996694812,-0.63142682229783065) (0.89301053973137567,0.45003574961182352) (-0.66618883302717902,0.74578310436070128) (-0.913627959789578,-0.40655128961882825) (-0.90216402297479825,-0.43139317988341708) (-0.96818249160670877,0.25024520564083547) (0.99985185751345662,-0.017212292900421089) (-0.40414360691143436,0.91469554770569161) (-0.82151322014454775,0.57018946774535872)
 (1,5.5511151231257827e-17) (0.7922465549115203,-0.61020111129924082) (-0.72377829679316252,-0.69003259132535866) (0.5720208773285258,0.82023906021372961) (0.10214493874311681,0.99476952681973829) (-0.53796536540544304,0.8429669421894237) (0.22998574046156128,0.97319399874040902) (0.066862655652207781,0.99776218873994926) (0.90766418342945987,0.4196971886007006) (0.40110655611300228,-0.91603140265122296) (0.19285419358396588,-0.9812274252267299) (0.71665612222993325,-0.69742670042833432) (-0.76933221918762151,-0.63884891525293297) (-0.80901970732582162,0.58778151821781621) (-0.58573947329649523,0.81049939507833335) (0.41619009251190364,0.90927762916225596) (-0.69514194672495278,0.71887250184121176) (-0.98413975688950528,-0.17739486720157904) (0.98853036796185401,-0.15102222226282142) (-0.938121255433922,0.34630695936276129) (-0.070413089353528802,0.99751791805846302) (0.2255407064782034,-0.97423374490997439) (-0.014708889674637515,-0.99989181843064301) (-0.20434803082517611,0.97889830028347313) (0.9625562030135415,-0.27108219425140012) (0.16838874577967999,-0.98572066544977432) (-0.95957886913049828,0.281439858439123) (0.41942779773191163,-0.90778869925206629) (-0.72486331847029006,-0.68889271264561824) (-0.1450255174193319,-0.98942791515969253)
 (1,0) (-0.89901373307258803,-0.43792043540680919) (0.67994283720131643,0.73326512131603883) (0.99138779756560091,0.13095890514976682) (-0.15860276766349984,-0.9873424745697299) (-0.86494255529815178,-0.50187087585782786) (0.91452456766033086,-0.40453036368817047) (-0.18330002508692825,0.98305701808345314) (0.72079731035496697,0.69314589906097335) (-0.060410004895126268,-0.9981736478732397) (-0.39084998749389055,0.92045439174139676) (0.076714949396240406,-0.99705306605974131) (0.71665612222993325,-0.69742670042833432) (-0.22973307618308481,0.97325367387308381) (0.84365766120050156,-0.53688150526694378) (0.20327395900502215,0.97912190129238985) (-0.46727245426841379,-0.88411337139643598) (-0.74759940254177337,-0.66414993286093482) (0.0060634744178966749,0.9999816169700233) (0.99503878635094178,0.099487756318272447) (-0.99978162686668748,0.020897334274937562) (0.3919037113857356,0.92000623965388639) (-0.42139475221577027,0.90687731408664596) (-0.67200642796849186,-0.74054531310989091) (-0.9517852677491192,-0.30676506335587883) (0.55269966359122025,-0.8333805144507227) (-0.52052244006111437,0.85384798962861241) (-0.9981556757134753,0.060706235602075442) (0.732512639630998,0.68075343023801671) (-0.25980328291258986,-0.9656615629649139)
 (1,0) (-0.84159652823096365,-0.54010673359030603) (0.46106381237836469,-0.88736698209654452) (-0.95227453967756714,-0.30524285590637124) (-0.76593108271735222,-0.64292268316448864) (0.83311068677935696,0.55310630404473593) (0.33485060515094406,0.9422712307133474) (0.99313762000514794,0.11695156147101728) (0.42269528734336048,0.90627186542323701) (0.37978664764199765,-0.92507410636816179) (-0.045647385665351148,0.99895761480751444) (-0.39084998749389055,0.92045439174139676) (0.19285419358396591,-0.9812274252267299) (-0.89822681213993238,-0.43953224449741246) (0.399215189585443,-0.91685725846734634) (0.28676379512337841,-0.95800131826967627) (-0.14387174492918778,-0.98959634246041472) (0.91664797608932613,-0.39969549400930504) (-0.61251129456508202,0.79046183590999963) (-0.35458584558150941,0.93502346393726687) (0.85269953711609014,0.52240166481549932) (-0.92985033529014038,0.36793797569809644) (-0.077856589693658468,-0.99696456879934914) (0.16912614511112881,0.98559441305227058) (0.87096155687458854,-0.49135116408388757) (-0.96061011586278489,0.27789963170556065) (-0.88249819946050545,0.47031577471839658) (-0.7766266417845491,0.62996115695370736) (0.36395623487346096,-0.93141605048266862) (0.15606781543592105,0.98774634243061565)
 (1,-1.3877787807814457e-17) (0.8940663314316657,0.44793458785890139) (-0.47094643358974742,0.88216180867746663) (-0.13937933069079453,-0.99023906314393895) (-0.71717565859895216,-0.69689244127997341) (-0.97292384100933982,0.23112593882044657) (0.3776240014915126,0.92595902366008498) (0.086021877144092596,-0.99629324832230315) (-0.81984855536838963,0.57258042776571016) (-0.60676957072463333,0.7948777818272722) (0.37978664764199765,-0.9250741063681619) (-0.060410004895126268,-0.99817364787323992) (0.40110655611300233,-0.91603140265122296) (0.96742121909181489,-0.25317224344486505) (-0.86390452152390984,-0.50365561417554383) (0.39738213358582208,0.91765322421205509) (0.24261914739783677,-0.97012161573482492) (-0.98464560150566549,0.17456528702908586) (0.55171338193147978,0.83403377881098362) (0.79660511930550182,-0.60450002803661418) (0.64907928768210321,-0.76072076237085406) (-0.9961600235553254,-0.087551170581859697) (-0.98752252779023775,0.15747779877423543) (0.70962880953551721,0.70457572529658163) (0.99860753308924544,-0.052754098015339534) (-0.35007069036826444,0.93672328451100528) (-0.99419191223800252,-0.10762175263646198) (0.96793309766621705,-0.25120811778738739) (0.34698807840340556,0.93786953967271558) (-0.80263454965282732,0.59647110550604465)
 (0.99999999999999989,0) (0.81157490033593649,-0.58424838993763184) (-0.64738945299334372,-0.76215936401318352) (0.93808928983309448,0.34639353963438801) (-0.69425212410715853,-0.71973188631093732) (-0.3163707338214905,0.94863563014534324) (-0.74905411205628913,0.66250882047831128) (-0.86645703694906928,-0.49925164308336345) (0.98748841621604311,-0.15769155918796238) (-0.81984855536838952,0.57258042776571016) (0.42269528734336054,0.90627186542323701) (0.72079731035496686,0.69314589906097335) (0.90766418342945965,0.41969718860070049) (0.43053486792335022,-0.90257394572534733) (0.29473494456124011,-0.95557904563384122) (0.18973369546762534,-0.98183558949765037) (0.99960958494557572,0.027940609959943213) (-0.64143099935909609,0.76718073037661227) (-0.99107652544480163,-0.13329411356942547) (-0.9871640849766623,-0.15970932763050641) (-0.17622798240090815,0.98434937812694601) (0.74733070838316806,0.66445226488252096) (-0.70944234668608475,0.70476347573390952) (-0.37721103376253978,-0.92612733250228385) (-0.18828737495826026,-0.98211397731186312) (0.26663419859114723,0.96379780251962432) (0.33473445528257473,0.94231249829696984) (0.73518515890151825,-0.67786634532992496) (-0.8495809100223799,-0.52745831809304544) (-0.77301372866258622,-0.63438929317822301)
 (1,-5.5511151231257827e-17) (-0.37043081488898116,-0.92886006017089884) (-0.022713485224437613,0.99974201551648334) (0.56159548785218183,0.82741193369691601) (-0.029336731971136953,-0.99956958545028551) (0.82604478206134724,0.56360448723304368) (0.99715471493094643,0.075382189481227102) (-0.90884835016646615,-0.41712669106602651) (-0.86645703694906973,-0.49925164308336362) (0.08602187714409254,-0.99629324832230337) (0.99313762000514827,0.1169515614710171) (-0.18330002508692816,0.98305701808345347) (0.066862655652207836,0.99776218873994948) (0.65179835902638106,-0.75839231217788361) (-0.94730079514828514,0.32034544403101334) (0.20525554226925102,-0.9787084153964124) (-0.76560309847860464,0.64331321733659419) (-0.66217863533699317,0.74934601814064383) (0.31532311425283438,0.94898436953297272) (-0.4329925963018243,-0.90139747700323924) (-0.33313642079999378,-0.94287863754386181) (-0.42776722840716991,0.90388893029002682) (0.10131427045428298,-0.99485447106715896) (-0.72051209917221304,0.69344236598757936) (0.89726950802873406,0.44148321594583118) (-0.1613492872586122,-0.98689736421835517) (0.74890495928486256,-0.6626774192309095) (-0.58206557380263801,0.8131418497370585) (-0.30425722972195618,0.95258991080208288) (0.26756651775303991,-0.96353939129519373)
 (1,0) (-0.9993200517158819,-0.036870506350846724) (0.63154784175115353,-0.77533690972341873) (-0.85413633396708621,-0.52004915440491351) (-0.53374755887793834,-0.84564386321420393) (0.98342251508142842,0.18132886375565987) (-0.71885185096785997,-0.69516330193709308) (0.99715471493094643,0.075382189481227116) (-0.74905411205628936,0.6625088204783115) (0.37762400149151265,0.92595902366008498) (0.33485060515094422,0.9422712307133474) (0.91452456766033086,-0.40453036368817052) (0.22998574046156134,0.97319399874040924) (0.58613539744302523,-0.81021311755877312) (-0.34770807152018962,0.93760284609194278) (0.0021957993665606135,0.99999758922966531) (0.26348441609794038,0.96466365250978925) (-0.91579568206978768,-0.40164445558520145) (0.99245547294066949,0.12260560439927479) (0.46704644493431202,0.8842327851161258) (-0.50681206248387456,-0.86205657199562102) (-0.94222269259920588,-0.33498716027797559) (0.23099531694196013,-0.97295486203157633) (-0.86094394859641277,-0.50869983032749055) (-0.88038170144903516,-0.47426581128487644) (0.78392517287433483,-0.62085531594240539) (0.19886062016227601,0.98002778213103436) (0.60880504771262844,-0.7933198685773758) (-0.86740294540242269,-0.49760640099098441) (-0.42663666329560068,0.90442310758405331)
 (1,-5.5511151231257827e-17) (0.99116517530495796,-0.1326333112860138) (0.59783764279655727,0.80161721092767035) (-0.50808458988540206,-0.86130717489231579) (-0.91700472340394545,-0.39887634331313099) (-0.86719656831877412,0.49796597463696524) (0.98342251508142819,0.18132886375565965) (0.82604478206134702,0.56360448723304346) (-0.31637073382149039,0.94863563014534336) (-0.97292384100933982,0.23112593882044663) (0.83311068677935707,0.55310630404473582) (-0.86494255529815178,-0.50187087585782775) (-0.53796536540544282,0.84296694218942381) (-0.2871269038193256,0.95789255196140211) (0.10137433557778919,-0.99484835230610025) (-0.87317391077602657,-0.48740878278925215) (0.60156376072520346,0.79882478791168621) (0.62536031094639444,-0.78033613365845733) (-0.34983963078200053,-0.93680960324620544) (-0.97758262555789965,0.21055215555135764) (-0.67393657089063197,-0.73878921108539242) (0.99979664913691613,-0.020165821941948769) (-0.99930692599763571,0.037224557125038582) (0.87978721683778272,0.47536770303506026) (-0.053333847330419903,0.99857673752643339) (0.69465323501499399,-0.71934475954385302) (0.63878756888612331,-0.76938315671488156) (-0.53284069882129637,-0.8462155692727662) (-0.927091180918307,-0.37483588710727633) (0.88581679288724069,0.46403513815115582)
 (1,-5.5511151231257827e-17) (0.17391081859441646,0.98476140621767938) (0.65811840769299501,-0.75291444497740834) (0.3224213422566326,0.94659625926655322) (0.75748045783186579,-0.65285783751351945) (-0.91700472340394545,-0.39887634331313104) (-0.53374755887793823,-0.84564386321420382) (-0.02933673197113687,-0.99956958545028518) (-0.69425212410715842,-0.7197318863109371) (-0.71717565859895194,-0.6968924412799733) (-0.765931082717352,-0.64292268316448853) (-0.15860276766349984,-0.9873424745697299) (0.10214493874311678,0.99476952681973807) (-0.49797315101600081,-0.86719244742282819) (-0.96234908122951091,0.27181656656046083) (-0.21214423027337134,0.97723836680807841) (-0.17501014516151159,-0.98456663009191403) (0.96766478554946156,0.25223969316409445) (0.13646570031942964,0.99064479640097436) (-0.74234765215911636,0.67001489784470314) (0.48598585026641494,0.87396667747736823) (0.26671520709305657,0.9637753878914469) (0.42663263405491847,0.90442500825627492) (0.9832522966016003,0.18224961242120505) (0.99964338438182743,-0.026704008344202418) (0.28153425593648707,-0.95955117775670995) (0.86875090833966673,0.49524929001363049) (-0.95841862385884524,-0.28536597807117453) (-0.76694191440299764,-0.64171652614831776) (-0.29948554222055102,0.9541008384866162)
 (1,-5.5511151231257827e-17) (0.9999935486294852,0.003592032768285347) (0.75452778714140145,-0.65626809950773957) (-0.35374610068552276,-0.93534148643679171) (0.32242134225663271,0.94659625926655355) (-0.50808458988540195,-0.8613071748923159) (-0.8541363339670861,-0.52004915440491351) (0.56159548785218183,0.8274119336969159) (0.93808928983309448,0.34639353963438801) (-0.13937933069079445,-0.99023906314393906) (-0.95227453967756703,-0.30524285590637124) (0.99138779756560091,0.13095890514976682) (0.5720208773285258,0.82023906021372972) (-0.52913687944087218,0.8485364829019284) (-0.78911971348676124,-0.61423943034176065) (0.015330732174853257,-0.99988247741971326) (0.28870646706160835,0.95741766010284368) (-0.78514296155179353,0.61931456459999357) (0.37008478272500983,0.92899798363364683) (-0.32908093358501439,-0.94430172040021976) (0.65908994786184882,-0.75206412002399392) (-0.9901542206504742,-0.13998078199542707) (0.49008789765316735,0.87167301929903629) (-0.99912368177284128,0.041855328462239549) (-0.15973633267674409,-0.98715971555923188) (-0.37437065689918225,0.92727914419169089) (0.21233942602320449,-0.97719597223695909) (-0.95738739680100893,-0.28880680817215376) (-0.15504390494873771,0.98790758046400551) (0.70024219261318787,0.7139053660565059)
 (1,5.5511151231257827e-17) (0.46825441902878118,0.88359368437083141) (0.51620988960462566,-0.85646211234028402) (0.75452778714140156,-0.65626809950773946) (0.65811840769299512,-0.75291444497740834) (0.59783764279655704,0.80161721092767046) (0.63154784175115353,-0.77533690972341862) (-0.022713485224437835,0.99974201551648312) (-0.64738945299334372,-0.76215936401318352) (-0.4709464335897473,0.88216180867746674) (0.46106381237836469,-0.88736698209654452) (0.67994283720131654,0.73326512131603894) (-0.72377829679316252,-0.69003259132535855) (-0.90476559527298805,0.42590987028984789) (-0.94878216163583351,0.31593102057511924) (0.89555157700799182,0.44495772037183456) (0.55517829315257849,-0.83173136457163332) (0.95678432645569034,0.29079847428886729) (-0.22025284986014715,-0.975442813356316) (0.48148874992566915,-0.87645227120192781) (-0.58720422849606702,0.80943881426352393) (-0.76859028113571737,0.6397413381545074) (-0.55857902307541207,-0.82945130958973057) (-0.56810232956783924,-0.82295792306751347) (-0.63986692230376863,0.76848573294596956) (0.23858122001691917,0.97112254708416645) (-0.98409113874633536,0.17766437639814736) (-0.87658378002392445,0.48124928737502493) (-0.94550889247578906,0.32559627493140569) (0.97206806704046878,-0.23469911171584656)
 (0.99999999999999989,0) (-0.51812258252788024,0.8553063717023508) (0.46825441902878129,0.88359368437083141) (0.99999354862948509,0.003592032768285458) (0.17391081859441643,0.98476140621767927) (0.99116517530495796,-0.13263331128601363) (-0.99932005171588156,-0.03687050635084671) (-0.37043081488898089,-0.9288600601708985) (0.81157490033593638,-0.58424838993763184) (0.89406633143166547,0.44793458785890117) (-0.84159652823096354,-0.54010673359030603) (-0.89901373307258803,-0.43792043540680914) (0.79224655491152018,-0.61020111129924082) (0.92425887068126522,0.38176634210861421) (-0.28309487478056461,-0.95909191002373506) (0.87262920000344912,0.48838333233367126) (-0.47551148326349613,0.87970951414915899) (0.5953381285049818,-0.8034752720203574) (-0.97966139641497674,-0.2006577892190024) (-0.99274246771335362,-0.12025968900010309) (-0.6006715394356138,-0.79949590475001797) (0.96994309892159913,0.24333184102037569) (-0.38509123683810337,-0.92287850734021293) (-0.34035037094371939,0.94029868924638671) (-0.39570292739788288,-0.91837856750293678) (0.99718759307826599,0.074946008638049677) (-0.97395434808081871,-0.22674419034336324) (-0.13687735453414962,0.99058800205521047) (-0.99551615798290338,0.094591644424646903) (-0.30291077160444679,0.95301892134731481)


# name: N
# type: scalar
30


# name: argn
# type: sq_string
# elements: 1
# length: 1
x


# name: defect
# type: scalar
0


# name: info
# type: complex matrix
# rows: 1
# columns: 29
 (9.9920072216264089e-16,-9.4368957093138306e-16) (-8.8817841970012523e-16,-6.106226635438361e-16) (-9.9920072216264089e-16,-8.3266726846886741e-16) (6.6613381477509392e-16,2.1094237467877974e-15) (2.2204460492503131e-16,-2.2204460492503131e-16) (-1.1102230246251565e-15,-1.1102230246251565e-16) (7.7715611723760958e-16,-2.2204460492503131e-16) (8.8817841970012523e-16,2.2204460492503131e-16) (-6.6613381477509392e-16,-8.8817841970012523e-16) (0,-2.2204460492503131e-16) (1.1102230246251565e-16,-2.2204460492503131e-16) (-1.1102230246251565e-16,-3.3306690738754696e-16) (8.8817841970012523e-16,3.3306690738754696e-16) (2.2204460492503131e-16,6.6613381477509392e-16) (-9.9920072216264089e-16,-1.1102230246251565e-15) (9.9920072216264089e-16,-1.1102230246251565e-16) (-3.3306690738754696e-16,-3.3306690738754696e-16) (-5.5511151231257827e-16,-5.5511151231257827e-16) (-7.2164496600635175e-16,-4.4408920985006262e-16) (5.5511151231257827e-16,2.7755575615628914e-16) (1.6653345369377348e-15,7.7715611723760958e-16) (1.1102230246251565e-16,3.3306690738754696e-16) (6.6613381477509392e-16,-1.6653345369377348e-16) (8.8817841970012523e-16,6.6613381477509392e-16) (1.1102230246251565e-16,0) (5.5511151231257827e-16,1.1102230246251565e-16) (3.3306690738754696e-16,-1.1102230246251565e-16) (-3.3306690738754696e-16,8.6042284408449632e-16) (-1.1102230246251565e-16,-1.2212453270876722e-15)


# name: is_convergent
# type: scalar
2.5086755492578224e-14


# name: is_unimodular
# type: matrix
# rows: 1
# columns: 30
 1.8729494231662569 1.8729494231662565 1.8729494231662558 1.8729494231662571 1.8729494231662556 1.8729494231662565 1.8729494231662567 1.8729494231662567 1.8729494231662565 1.8729494231662567 1.8729494231662569 1.8729494231662571 1.8729494231662569 1.8729494231662573 1.8729494231662565 1.8729494231662562 1.8729494231662569 1.872949423166256 1.8729494231662571 1.8729494231662569 1.8729494231662569 1.8729494231662567 1.8729494231662569 1.8729494231662565 1.8729494231662567 1.8729494231662569 1.8729494231662567 1.8729494231662567 1.8729494231662571 1.8729494231662567


# name: spectrum
# type: scalar
5.4772255750516594


# name: x
# type: complex matrix
# rows: 1
# columns: 30
 (-1.0908179540688299,-1.5225162504288441) (-0.40647819765018561,1.8283093328465698) (-0.061940601455570808,1.8719249193357443) (1.7349903152184225,0.70551268439135362) (-0.6255512618024256,-1.7653966015023941) (-1.7748321188604439,-0.59825620899424004) (0.96014193736294795,1.6081253066399206) (-0.62297778764284983,1.7663063771165053) (-1.3048176479892766,-1.3436481858115037) (0.9857261902433162,1.5925713232402532) (1.2775894855332439,-1.3695636707337544) (1.5553842523488353,1.0434171597611717) (-0.5781832338670313,1.7814723376504829) (0.89459500610564224,-1.6454906006385033) (-1.8492265767876295,-0.29715418462663207) (1.2247701790416048,-1.4169959598634032) (-1.6502192570253054,-0.88584194159097218) (-1.8110277480341626,-0.47761704072313088) (1.8474505701069168,0.30800313756590669) (0.66525049230934752,1.75082304194941) (-1.0542797573548779,1.5480419034931046) (-1.3129346358335703,-1.3357178533535381) (-0.57038796558338234,1.7839834950067404) (-1.3645274487406962,-1.2829670234935968) (-1.7451521551523985,-0.67998786541066458) (1.3502952368101735,-1.2979377162200705) (-1.8519632967212993,-0.27959164747179099) (-0.64534592663865575,-1.7582571418054038) (-1.517807841617864,-1.097359967222304) (-0.37042266414444219,-1.8359538642424944)


# name: x0
# type: complex matrix
# rows: 1
# columns: 30
 (-1.0908179540688294,-1.5225162504288441) (-0.406478197650186,1.8283093328465698) (-0.061940601455571467,1.871924919335745) (1.7349903152184223,0.70551268439135262) (-0.62555126180242537,-1.7653966015023956) (-1.7748321188604437,-0.59825620899424004) (0.96014193736294762,1.608125306639921) (-0.62297778764285017,1.7663063771165053) (-1.3048176479892764,-1.3436481858115037) (0.98572619024331631,1.5925713232402534) (1.2775894855332433,-1.3695636707337548) (1.5553842523488348,1.0434171597611706) (-0.57818323386703063,1.7814723376504831) (0.89459500610564169,-1.6454906006385024) (-1.8492265767876293,-0.29715418462663273) (1.224770179041605,-1.4169959598634032) (-1.6502192570253051,-0.88584194159097196) (-1.8110277480341632,-0.47761704072313166) (1.8474505701069162,0.30800313756590597) (0.66525049230934719,1.7508230419494095) (-1.0542797573548772,1.5480419034931048) (-1.3129346358335703,-1.3357178533535385) (-0.57038796558338245,1.7839834950067401) (-1.3645274487406969,-1.2829670234935968) (-1.7451521551523994,-0.67998786541066425) (1.350295236810173,-1.29793771622007) (-1.8519632967212996,-0.27959164747179149) (-0.64534592663865598,-1.7582571418054043) (-1.517807841617864,-1.0973599672223036) (-0.37042266414444186,-1.8359538642424944)


