# Created by Octave 5.1.0, Fri Sep 17 16:13:32 2021 GMT <unknown@Ola>
# name: F_norm
# type: scalar
1.3243125461732204e-13


# name: H
# type: complex matrix
# rows: 39
# columns: 39
 (1,0) (1,-1.6653345369377348e-16) (0.99999999999999978,-5.5511151231257815e-17) (1,-5.5511151231257827e-17) (1,-5.5511151231257827e-17) (1,-5.5511151231257827e-17) (1,-5.5511151231257827e-17) (1,-4.8572257327350599e-17) (1,0) (1,-5.5511151231257827e-17) (1,-8.3266726846886741e-17) (1,-5.5511151231257827e-17) (1,-5.5511151231257827e-17) (1,-1.1102230246251565e-16) (1,-5.5511151231257827e-17) (1,-1.1102230246251565e-16) (1,5.5511151231257827e-17) (0.99999999999999989,-5.5511151231257821e-17) (1,0) (0.99999999999999989,-5.5511151231257821e-17) (0.99999999999999989,-1.1102230246251565e-16) (0.99999999999999989,-5.5511151231257821e-17) (1,0) (1,-8.3266726846886741e-17) (0.99999999999999989,-5.5511151231257821e-17) (1,-5.5511151231257827e-17) (1,-5.5511151231257827e-17) (1,-5.5511151231257827e-17) (1,-5.5511151231257827e-17) (0.99999999999999989,-5.5511151231257821e-17) (1,-1.1102230246251565e-16) (1,-1.1102230246251565e-16) (1.0000000000000002,-5.5511151231257839e-17) (1.0000000000000002,-6.9388939039072296e-17) (1,-5.5511151231257827e-17) (1,-5.5511151231257827e-17) (1,-5.5511151231257827e-17) (1,-5.5511151231257827e-17) (1,-5.5511151231257827e-17)
 (1,0) (0.30307198271554847,0.95296766644669884) (0.065717844555467864,0.99783824586301695) (-0.96967438672426209,-0.2444004577142336) (0.042801328684293816,0.99908360323991841) (-0.79906838129464275,0.60124015336233105) (0.3714805404646172,-0.92844074019622613) (0.30025945501288231,0.95385756781364739) (-0.9080247426031034,-0.41891653920628191) (-0.48322859668016543,-0.87549421662882354) (-0.79833312182482441,-0.60221609626232209) (-0.16235912216873649,-0.98673173428678052) (0.9578084694885497,-0.2874072646541872) (-0.56474866122338963,-0.82526295787851101) (0.66598488976108272,0.74596523150205818) (-0.94874929619792769,0.31602970266089964) (0.16568216141274,-0.98617920348666988) (0.80171946595693921,0.59770050853727774) (0.98325075692988517,-0.18225791888641713) (0.65830473811574231,-0.75275153389040961) (-0.33217341355248875,-0.94321833279940348) (0.17755004712759087,-0.98411177249588411) (-0.56540557558695814,0.82481303038639031) (0.85115975529247068,0.52490672597182553) (0.12286961070061957,0.99242282257426873) (0.060959364325694543,0.99814024861289308) (-0.98555608756518509,0.16934933794734675) (-0.99882540855266033,0.048454135320035785) (0.92347218087342109,-0.38366538956868129) (-0.99396384946998251,-0.10970809426297112) (-0.85157994839879059,0.52422475283518755) (-0.45788683039520078,-0.88901048956164541) (-0.45537490027147454,-0.89029978108654229) (0.32687256885100857,0.94506842277834202) (0.84169226713232503,-0.53995752374575412) (0.99971150482205473,0.024018891032334094) (-0.57212118968067249,-0.8201690949544318) (0.361744610891228,0.93227723156320519) (0.86495996907630357,0.50184086311849896)
 (1,-5.5511151231257827e-17) (0.74038324905116804,0.67218497790744802) (-0.62207548797802192,0.78295727039022078) (-0.33781044804150273,-0.9412141632986617) (-0.31612172996334059,-0.94871863681756841) (-0.93687812750204491,-0.34965607989603387) (0.71047627016141346,0.70372115893834442) (0.90040916489085832,-0.43504406188402084) (-0.3879797164188814,-0.92166791180312058) (0.56283583526759939,0.82656870406435268) (0.37443774164239674,0.92725205722809889) (0.042519819574401929,0.99909562352327463) (-0.83067866355074005,-0.5567521512500484) (-0.98825373759861512,-0.15282195562931172) (-0.28007419649207133,-0.9599783562452443) (-0.99998603697358968,0.0052844922040725106) (0.62942872865739097,0.77705821888758142) (0.27765646797935267,-0.96068042854490943) (0.99766311868253599,-0.068324970696198417) (0.0095562293896123141,-0.99995433819742663) (-0.98939461849433008,0.14525250047575344) (-0.77388970860663342,0.63332039199187284) (0.96799151564130603,0.25098291903324338) (-0.5873694647507145,0.80931891852251825) (0.096152314527721161,0.9953666321566953) (-0.75842457869910307,0.65176081381522877) (-0.68666558165492675,-0.72697343759624466) (0.73551604536595971,-0.67750730402647297) (-0.56698027783519644,0.82373136673670799) (-0.68981810901547913,0.72398271835335137) (0.56727692165593657,-0.82352710590275291) (0.999844254180565,0.017648438517603504) (-0.096510135302298072,0.99533200178831405) (0.23700793570205758,-0.97150771402714553) (0.98997854355308867,0.14121785759777422) (0.4782888043319008,-0.87820260740375911) (-0.89605161566244873,-0.44394988688895415) (0.065794663393444863,-0.9978331835877895) (0.36174461089122811,0.9322772315632053)
 (1,0) (0.99806471430364541,0.062183808680259411) (0.50490078112809855,0.86317738687724854) (-0.27862840685561419,-0.96039898526242884) (-0.017264608640142731,-0.99985095553712533) (0.82727735124664648,-0.56179372025177787) (0.44650060067605751,0.8947833333248445) (0.66313608327765405,0.7484988544113963) (-0.34506039583933235,0.93858048308240694) (0.50780831097007528,0.86147009194151325) (-0.9136589040946006,-0.40648174247886393) (-0.17581420973869694,-0.98442336606460001) (0.99934893024906912,0.036079296141163952) (0.93572738688333124,0.35272405281819486) (-0.97900973039310779,0.20381351229890232) (0.97245036048526767,-0.23311005210430824) (0.86214725592929053,0.50665778301886877) (0.94605835963798834,0.32399626565606987) (-0.89237752188554176,-0.451289661341161) (-0.52308918793822268,-0.8522779484781543) (-0.041076478007195216,0.99915600531374693) (0.91994083911564961,0.39205720568202107) (-0.95959774723315738,-0.28137548490415604) (0.92324392040444603,-0.38421434569290758) (-0.76739115067735342,0.64117924316222774) (-0.21123694036175222,0.97743488531288181) (-0.48812023378216984,-0.87277639597576218) (0.90677440043651081,-0.42161616040304617) (-0.69469219799470527,-0.71930713192994666) (-0.46876585542906812,-0.88332246251516455) (-0.83669720931421665,-0.547665755662888) (-0.47742101655632341,0.87867466843555142) (-0.99638922033899524,0.084903012857318438) (-0.13340775630489404,0.99106123451464612) (-0.99923816131335919,-0.039026875036282771) (0.5105731609426758,-0.85983431387971765) (-0.25684271764483613,0.96645321583241417) (-0.89605161566244895,-0.44394988688895431) (-0.57212118968067271,-0.82016909495443191)
 (1,-5.5511151231257827e-17) (-0.95498853182052579,-0.29664272128484309) (-0.82218999306350671,-0.56921315454426213) (0.94709878214690535,0.32094220173708715) (-0.28011100507207776,0.95996761655667873) (-0.99858373204482742,0.053202726390892019) (0.923710500133895,0.38309125798220778) (-0.15805980799674491,-0.9874295403197294) (0.95038014058798104,0.3110909647932093) (-0.44130661820651301,0.89735637777146882) (0.75000599866353213,0.6614310258588707) (-0.64893780850718363,-0.7608414556856733) (0.99009867999451728,0.14037308813698823) (0.9989854980388122,0.045033040183256157) (-0.9711577186303344,-0.23843801195431263) (-0.082203537137243932,0.99661556203087953) (0.85757246599358494,0.51436316505916513) (-0.97798355807249782,-0.20868195930616001) (-0.68584052847342569,0.72775185984186408) (0.22317259363728004,-0.97477894594067327) (-0.27634473478873944,-0.96105857654699745) (-0.73703599506416462,0.67585349150520557) (0.0420727196160679,-0.99911455112219616) (0.99233744872426188,-0.1235572250393403) (-0.99581202167480687,-0.09142438125540836) (0.98907662454076273,-0.14740227537949246) (0.79501703620279018,0.60658710186364129) (-0.99871594120801332,-0.050660327446563125) (0.2181313171731204,0.97591942724198333) (-0.99880107607898871,0.048953145184489344) (-0.90871221651459311,0.41742317563491405) (-0.75637358534577581,-0.65413989282964269) (-0.59238328857993106,0.80565627870154777) (0.98179741545105303,0.18993113229176817) (-0.98515704031230467,-0.17165548614332116) (0.62266804759100425,-0.78248610371635818) (0.5105731609426758,-0.85983431387971754) (0.47828880433190091,-0.87820260740375899) (0.99971150482205484,0.024018891032334178)
 (1,0) (0.32587377444768562,0.94541328694239257) (0.20981795443808987,-0.97774046965205175) (0.67603445500794879,0.73687001271737596) (-0.25697283682118061,0.96641862623610209) (-0.37571081429501424,-0.92673695513979415) (-0.29872283958478119,0.95433991067669643) (-0.064110700656596131,0.9979427929802992) (-0.24692444607047531,0.96903473515286787) (-0.2104342905242052,-0.97760800394205738) (0.88163103213703353,-0.47193932149481777) (0.51037684299982033,-0.85995085797360349) (-0.8530108747128764,-0.52189313812462967) (-0.46471404864859245,-0.88546081392043163) (0.65015335633815496,0.75980300949800972) (0.99451289437890367,-0.10461406652116978) (0.97485544850015249,0.22283818014327395) (0.40220394611416915,0.91555010006563298) (-0.99999572656043778,-0.0029235014729891984) (0.12020367358220141,0.9927492517536054) (-0.99055351251211987,0.13712672551293881) (-0.99213352064555749,0.12518417316678176) (-0.16446776634516369,-0.98638245819430115) (0.54019555137832076,-0.8415395215146293) (0.26776817791791285,0.96348336928798106) (0.0065337934361232586,-0.99997865454385315) (-0.94204153688454717,0.33549626344297762) (-0.83686448478164555,-0.54741011509758508) (-0.93337162117687578,0.35891143306065315) (-0.13359052387300713,-0.99103661482880401) (0.81108105059329128,-0.58493378203731961) (0.80176682172301894,0.5976369831128) (-0.21454938734431589,0.97671314130105702) (-0.96188013352643886,-0.27347140385634372) (0.91976468291125368,-0.3924702894094802) (-0.98515704031230467,-0.17165548614332121) (-0.99923816131335885,-0.039026875036282715) (0.98997854355308867,0.14121785759777433) (0.84169226713232503,-0.53995752374575401)
 (1,0) (-0.25946871714819042,0.96575151297912676) (-0.98512685769161346,-0.1718286188463572) (-0.85661701055921458,0.51595280522601572) (-0.97702002157937795,0.21314754850345213) (0.18416570439086094,-0.98289520973815803) (-0.84414598066245627,-0.53611338663702457) (-0.84256079885484914,-0.53860124418077437) (0.87565629943229917,-0.48293482506911023) (0.95062488671138612,0.31034227034834216) (-0.84396976942792279,0.53639074217568139) (-0.084084172200150242,-0.99645865543203338) (0.72737626182329407,-0.68623886055510641) (-0.49629579648658551,0.8681534901097534) (0.80105642371087382,-0.59858884556224834) (-0.4429992950124701,-0.89652195991980865) (0.59078424678756625,-0.80682958160174578) (0.13464477004657915,0.9908939327188877) (0.026815302246603723,0.99964040512847585) (-0.96135286612007831,0.27531920892431605) (0.99381424486255665,0.11105515165117402) (-0.57395124922582008,0.81888946965516685) (0.86532481524048011,-0.50121149640548812) (0.81791274762341692,-0.57534227836576723) (0.52517531103843385,0.85099406148085655) (-0.97173745814771206,-0.23606421251986387) (-0.39562754924911503,0.91841104211302849) (0.98388277808370839,0.1788146498200982) (-0.72766079204334033,-0.6859371485222675) (0.9513479933914597,0.30811847635291745) (0.11515293024704171,0.99334777528090346) (-0.50555794763679096,-0.86279265271632632) (0.67291613714356857,-0.7397187792477482) (-0.89886460090722742,-0.4382264588496349) (-0.96188013352643886,-0.27347140385634383) (0.98179741545105281,0.18993113229176817) (-0.13340775630489393,0.99106123451464589) (0.23700793570205764,-0.97150771402714531) (0.32687256885100846,0.94506842277834191)
 (1,-5.5511151231257827e-17) (0.99968556702453848,0.025075228470095079) (-0.50527383725345087,0.86295906588155913) (0.68352381612720448,-0.72992821070767233) (-0.96843025820324025,0.24928464653164203) (-0.50281745209444972,-0.86439262483506052) (-0.78259199792379897,0.62253495065388642) (-0.8287903207037477,-0.55955929472021049) (0.97209928388639266,-0.23456978123271352) (-0.78048853057023793,0.62517009977150284) (-0.96215952153008355,0.27248679808203646) (0.92251741461709857,-0.38595546339983949) (-0.99908807099010866,0.042696913299024031) (-0.52043013296593976,0.85390425499645706) (-0.12319216873307276,0.99238283417380957) (0.58937716500046555,0.8078580057015059) (-0.040489685570308964,0.99917995644549351) (0.034849414957976665,-0.99939257465576925) (0.99989261512015337,0.014654631628988557) (0.85457836123347308,-0.51932246678871141) (0.9597919609051575,-0.28071229360651917) (-0.81226379778311175,-0.58329025605692775) (-0.99967346058590922,0.025553320727312478) (0.35283545487078505,-0.93568538611336982) (0.91980582874689287,-0.39237384903079553) (0.2772453018363959,0.96079916871823257) (0.39046498262082235,-0.9206177802687282) (-0.77043673873035168,-0.63751645595587647) (0.11873108959600986,-0.99292644660284135) (0.93160817958304654,-0.36346416568069329) (-0.094262465197462619,0.99554738091910933) (-0.25517939847693816,-0.96689372455971012) (0.62085219587924634,0.78392764390083736) (0.67291613714356868,-0.73971877924774843) (-0.21454938734431583,0.97671314130105713) (-0.59238328857993117,0.80565627870154788) (-0.99638922033899513,0.084903012857318494) (-0.096510135302298183,0.99533200178831416) (-0.45537490027147465,-0.89029978108654229)
 (1,0) (-0.98643827872421963,-0.16413263620498797) (-0.90808585519425777,-0.41878404887974485) (0.31589750813888406,0.94879332014493223) (-0.92557749261029854,0.37855819258501361) (0.41159223060144079,0.91136811207575719) (0.32076899440308881,-0.94715745904766591) (0.87558582723077538,-0.48306258305999894) (-0.99741650091369205,0.071835393122659824) (0.96421726534970331,-0.26511330634568087) (-0.42930031266914759,0.90316180252608769) (-0.99943101050727012,-0.033729145207318345) (0.21331698267245164,0.9769830422804282) (-0.98557710202169091,0.16922699539531383) (0.28723077666008578,-0.95786141008981263) (0.96249104787099427,0.27131344008028013) (-0.0089551833832338668,0.99995990154134307) (-0.40490275453137636,-0.91435975380202728) (0.94785253478314613,0.31870922845936678) (0.35674700858191843,0.93420103396852039) (0.91637319387929761,-0.40032507982819976) (0.93349642061713334,0.35858671572577827) (-0.12536465382431747,0.99211073150707751) (0.84138597701253826,-0.54043467476343121) (-0.65199460754927263,0.75822360272327949) (-0.99996314834840094,-0.0085849837014443653) (0.99976460759682384,0.021696299149123549) (-0.6782213805405003,-0.73485764538292542) (0.69635164282696138,-0.71770076601059363) (-0.76372366476363707,-0.64554330906609136) (-0.43586119062201528,-0.900013901286841) (-0.091451179514466741,0.99580956099317153) (-0.25517939847693799,-0.96689372455971001) (-0.50555794763679129,-0.86279265271632644) (0.80176682172301872,0.59763698311279989) (-0.75637358534577581,-0.65413989282964258) (-0.47742101655632341,0.87867466843555142) (0.99984425418056522,0.017648438517603504) (-0.45788683039520078,-0.8890104895616453)
 (1,0) (-0.98597092123141028,-0.16691717253202154) (0.83933901676521472,0.54360832861132846) (-0.91464301335938136,0.40426248665053161) (0.11116962081383108,-0.99380144667237702) (0.52921363638570473,0.84848861339644321) (-0.41870557352634463,0.90812204174217426) (-0.47696060694477038,0.87892467221194581) (0.3928414621794134,-0.91960621224127281) (-0.99494214887991494,0.10044959124962546) (0.75363138007417052,-0.65729730181060442) (-0.6862011235857931,0.72741186269512792) (0.21611483467427595,-0.97636795227706563) (0.33299752563434371,0.94292770026201089) (0.91176223359845898,-0.41071843078141795) (-0.90243431907375604,-0.43082745938239242) (0.60834405719589801,0.79367342658957296) (-0.43099435462223451,-0.90235462335146477) (0.99225515212758031,-0.12421639616521403) (0.052223970355444134,0.99863539739001583) (0.22580919385245363,0.97417154955978091) (0.97080270869695928,0.23987934631111346) (-0.12715603083152649,-0.99188272684988932) (-0.40490842586536435,-0.91435724236385418) (-0.97621984112872129,0.21678289089919908) (0.90219500140729791,-0.43132838932266765) (-0.30889633979315562,0.9510957108842365) (0.43392219611329891,-0.90095034697824083) (0.78785073017372353,-0.61586624113092203) (-0.21329733941707185,-0.97698733103229085) (-0.58554055423781515,0.8106431146582771) (-0.43586119062201528,-0.90001390128684111) (-0.094262465197462883,0.99554738091910933) (0.11515293024704172,0.99334777528090379) (0.81108105059329139,-0.58493378203731961) (-0.90871221651459311,0.41742317563491399) (-0.83669720931421665,-0.54766575566288811) (0.56727692165593679,-0.82352710590275302) (-0.85157994839879092,0.52422475283518744)
 (1,0) (0.24147921600091998,-0.97040599144872386) (-0.60816062907300383,0.79381398907144951) (0.19608157367727014,0.98058758734966922) (-0.092684524443122807,0.99569552521277882) (0.018151183013792871,-0.99983525370692916) (-0.93060496463853815,-0.36602513546217619) (0.77828947147645022,0.62790564465443954) (-0.995993374944526,0.089427048853311986) (0.89993094594816991,0.43603244434884775) (-0.45585892502608827,-0.89005204368849034) (0.32262684615005344,0.94652623742993458) (0.85029173690574034,-0.52631165876296082) (0.98566766053260191,0.16869873437636235) (0.86955808210584329,-0.49383068135182495) (0.98143723512042524,-0.19178361118504145) (0.91826000595443003,-0.39597798103501902) (0.51281608781529875,-0.85849849159903113) (0.076996013969039434,0.99703140062531592) (-0.91105297625834858,0.41228930916385109) (-0.98707550801946986,-0.16025586250775611) (-0.87636812160030031,-0.48164189543971425) (0.98458249870105941,-0.17492084853320855) (-0.82877154500779993,0.55958710330509198) (-0.99993102912505383,-0.011744658058440716) (-0.26893731844589164,0.96315768114423161) (0.9979315649999978,-0.06428523607061315) (-0.72934480815570835,0.68414629343168443) (-0.57031061932842142,0.8214291189635492) (0.99999846676790938,-0.0017511315853319109) (-0.21329733941707191,-0.97698733103229074) (-0.76372366476363707,-0.64554330906609136) (0.93160817958304654,-0.36346416568069323) (0.95134799339145981,0.30811847635291745) (-0.13359052387300696,-0.99103661482880412) (-0.99880107607898883,0.048953145184489288) (-0.46876585542906812,-0.88332246251516455) (-0.68981810901547935,0.72398271835335137) (-0.99396384946998251,-0.10970809426297118)
 (1.0000000000000002,0) (-0.405790861186545,-0.91396596051356493) (-0.9976756027877649,-0.068142436132483941) (-0.71085520269882885,0.70333838285423345) (0.93933701598107544,-0.34299558365636318) (0.61482482434904862,0.78866370232448357) (0.9585789290652168,0.28482702953228067) (0.040149076624554345,0.99919370076386871) (0.53930754003025694,0.84210888682314333) (-0.64713068061325951,-0.76237909350205779) (0.5507532054421066,0.8346681416558589) (0.73417373600281166,-0.67896165235134909) (-0.66683355590882953,-0.74520668858645267) (0.95340107662077567,0.30170579559953137) (-0.62038489908824623,-0.78429750540421028) (0.58334064352897008,-0.81222761194581883) (0.13603573889684359,0.99070393041654503) (-0.9923752060953015,-0.12325360168087798) (-0.24279897132059755,0.97007662559493746) (-0.86201597555907516,-0.50688110823045751) (-0.7665822464734493,-0.64214613554215216) (0.22750709536580538,-0.97377642277794707) (-0.83795370874174313,0.54574131418278948) (-0.96460611148182485,-0.26369499368003374) (0.73590191558474083,0.67708815573654035) (0.15851022721159019,0.98735733545121895) (0.0078091907461073848,0.99996950780505856) (0.97529758747135387,-0.22089503360772436) (0.30855376676951107,-0.95120690336663727) (-0.57031061932842142,0.8214291189635492) (0.78785073017372342,-0.61586624113092192) (0.69635164282696138,-0.71770076601059363) (0.11873108959601006,-0.99292644660284135) (-0.72766079204334055,-0.68593714852226761) (-0.93337162117687589,0.35891143306065298) (0.21813131717312023,0.97591942724198322) (-0.69469219799470505,-0.71930713192994666) (-0.56698027783519656,0.82373136673670788) (0.92347218087342109,-0.38366538956868124)
 (1,0) (-0.085742166153670335,0.99631735955130074) (0.99596646975351288,-0.089726200893187461) (0.75910524645337729,0.65096791380755281) (-0.41608454861313704,-0.90932593078906643) (-0.82454763758873573,0.56579253560544085) (0.99371201098342743,0.11196624146265061) (-0.36871246094649257,0.92954350147950637) (0.70742909852049529,-0.70678431686510912) (0.77745251809916005,-0.62894163648249146) (-0.32992255642622365,0.94400800142858143) (0.9384831079780791,-0.34532514539170883) (0.79963811384000061,-0.6004822119716835) (-0.59275739204414923,0.80538107388801861) (0.028565947318890603,0.99959191005818704) (0.56217465606644657,0.82701853430051486) (-0.37810536276750872,-0.92576256926193046) (-0.78204047264025556,0.6232276463320654) (-0.94472298336429061,-0.32786961540111359) (0.21160765752502683,0.97735469471260605) (-0.55363094347897746,0.83276213796172083) (-0.95496837337738816,0.29670761002870405) (0.33969480040783095,0.94053572105257321) (-0.93265452465955145,-0.36077075495675232) (0.51193176369320981,-0.85902611678688723) (-0.88033290819640253,0.47435637525647845) (0.064366595282138409,-0.99792632063283326) (0.33111009883323628,-0.94359212716652352) (0.97529758747135353,-0.22089503360772456) (-0.72934480815570824,0.68414629343168443) (0.43392219611329863,-0.9009503469782405) (-0.67822138054050018,-0.73485764538292531) (-0.77043673873035146,-0.63751645595587636) (0.98388277808370839,0.17881464982009812) (-0.83686448478164543,-0.54741011509758486) (-0.99871594120801321,-0.050660327446563222) (0.90677440043651047,-0.42161616040304584) (0.7355160453659596,-0.67750730402647286) (-0.99882540855266011,0.048454135320035757)
 (1,-1.3877787807814457e-17) (-0.25654077269109526,-0.96653340963830903) (0.99765099544322167,0.068501761226606159) (0.97895348014558392,0.20408352140937311) (0.65525302329894586,-0.75540947535597558) (-0.85508474347316943,-0.51848826551757476) (-0.17146631259113373,-0.98518998352926779) (-0.14378986270277999,-0.9896082433892287) (-0.75676397024511666,0.65368822334416266) (0.94604607278310648,0.32403214064604718) (0.99989406194240149,0.014555579422465215) (-0.97554403867136741,-0.21980406869017879) (-0.82779471210666711,0.56103111732615984) (0.93049415477651409,0.36630674021472726) (0.9989485246728359,-0.045845883718868448) (0.29708513080254156,0.95485099625859748) (-0.92788732370051819,0.37286071731397069) (-0.29681353536866967,0.95493545605027708) (0.69118242040194111,-0.72268033163170686) (0.89169908642253359,-0.45262869912679959) (-0.87596994667156713,0.48236568340649072) (-0.68682289178486311,-0.72682481749062311) (-0.34116393999083539,0.94000381172095726) (0.25174824536468771,-0.96779275723462621) (-0.29015269935576837,0.95698036085207083) (-0.86537004752867364,-0.50113339625315434) (-0.81623704769166994,0.57771712972317657) (0.064366595282138436,-0.99792632063283337) (0.0078091907461073778,0.99996950780505833) (0.99793156499999769,-0.064285236070613205) (-0.30889633979315551,0.95109571088423628) (0.99976460759682384,0.021696299149123549) (0.39046498262082235,-0.92061778026872809) (-0.39562754924911492,0.9184110421130286) (-0.94204153688454706,0.33549626344297745) (0.79501703620279007,0.60658710186364118) (-0.48812023378216962,-0.87277639597576184) (-0.68666558165492653,-0.72697343759624466) (-0.98555608756518498,0.16934933794734655)
 (0.99999999999999989,0) (-0.13730999413778311,-0.99052812454260108) (-0.98800577226669883,0.15441694844699941) (0.8843828199798377,0.46676228181431878) (0.32676860739326569,-0.94510437371872635) (0.23734783014600855,-0.97142473075631597) (0.88931940050284997,-0.45728656648676203) (-0.95321029006521496,0.30230802654542316) (0.44227278974977602,-0.89688058260113446) (-0.86573508270681465,-0.5005025140502537) (0.4117415379398342,0.91130066714281488) (-0.021642807530511232,0.99976576700855135) (0.99497774776428072,0.10009636084253609) (-0.85502037474280057,-0.51859440681006208) (-0.1825772532848231,-0.98319151063410326) (0.98061228665949651,-0.19595801400410523) (-0.99938824036975804,-0.034973490112353955) (0.90950312909481645,0.41569707500382691) (0.28426639116211971,-0.95874533576735843) (-0.080972745578266864,0.99671631594627663) (0.59570939427677372,0.80320004828834435) (-0.15407137634840762,-0.98805972035606604) (-0.99990220357467852,-0.013985109456196243) (0.87764654800999642,-0.47930839421622584) (-0.9548996166366851,-0.29692881663306409) (0.91966936153345891,0.39269360251554941) (-0.86537004752867341,-0.50113339625315434) (-0.88033290819640253,0.47435637525647834) (0.15851022721159017,0.98735733545121862) (-0.26893731844589142,0.96315768114423139) (0.90219500140729725,-0.43132838932266759) (-0.99996314834840072,-0.0085849837014444208) (0.27724530183639573,0.96079916871823234) (-0.97173745814771195,-0.23606421251986384) (0.0065337934361232586,-0.99997865454385293) (0.98907662454076239,-0.14740227537949241) (-0.21123694036175222,0.97743488531288147) (-0.75842457869910285,0.65176081381522843) (0.060959364325694584,0.99814024861289286)
 (1,0) (0.96967045891842352,-0.24441604100576847) (-0.14203131156085053,-0.98986216542319894) (0.15226662605024693,-0.98833945311885341) (0.87575006402978572,0.48276477227716708) (0.96862165936491995,-0.24853989822390382) (-0.62975292314374343,0.77679550448744861) (0.75252458608471928,-0.65856415582539973) (0.18506295192254857,-0.98272666791214758) (-0.014789125874119013,0.99989063489757635) (0.94297259700492131,-0.33287036710676637) (-0.50246558281379461,-0.86459721147340796) (0.97826437584527781,-0.20736154646425811) (-0.90523358016469935,0.42491430352742893) (-0.99249281215898322,0.12230297548609809) (0.90297548403992256,-0.42969207023503148) (-0.99954363517236811,-0.030207968922242978) (-0.67177888384136075,0.74075173386557469) (0.30165109092193065,-0.95341838630561804) (-0.87614345752530365,0.48205045569484367) (-0.19528518158918626,-0.9807465003004997) (-0.3881791678800301,-0.92158392652214105) (0.48576183666733841,-0.87409120693299136) (-0.58719430418704111,0.80944601372191305) (0.84616427899957591,-0.53292214529434545) (-0.95489961663668521,-0.29692881663306425) (-0.29015269935576832,0.95698036085207105) (0.51193176369321003,-0.85902611678688745) (0.73590191558474083,0.67708815573654024) (-0.99993102912505383,-0.011744658058440716) (-0.97621984112872118,0.21678289089919917) (-0.65199460754927263,0.75822360272327938) (0.91980582874689287,-0.39237384903079553) (0.52517531103843407,0.85099406148085666) (0.26776817791791285,0.96348336928798106) (-0.99581202167480687,-0.091424381255408416) (-0.76739115067735342,0.64117924316222763) (0.096152314527720967,0.9953666321566953) (0.1228696107006195,0.99242282257426861)
 (1,0) (0.9829851978875711,-0.18368478634316077) (0.98209820762084954,-0.18836961163604155) (0.97421772814883745,0.22560988045854402) (0.23111905228042434,-0.97292547693695319) (0.018061323192731793,0.99983688099835888) (-0.96826302467569625,-0.24993342122627787) (-0.47894397156631796,0.87784547165220439) (0.16274928676499706,0.986667456470256) (0.19378802716524135,0.9810434243841617) (-0.70792195316925488,-0.70629066836609566) (-0.92894402983707858,0.37022019046784593) (-0.76819070600519423,0.64022108619385576) (-0.77389690090869379,0.6333116032127617) (-0.50233462270452534,0.86467330641826901) (-0.31548797098424208,-0.94892957597718786) (-0.98808534233451562,0.15390697275849008) (-0.71317928691998289,0.70098167216290608) (0.77976485747719759,0.62607249344110749) (-0.91201458454352691,0.41015777157076716) (0.75284692355058636,-0.65819564697771793) (-0.10493550726462714,0.99447902909770558) (0.31973592915557292,-0.94750669422807876) (-0.37812990505897986,-0.9257525451761317) (-0.58719430418704133,0.80944601372191305) (0.87764654800999664,-0.47930839421622601) (0.25174824536468771,-0.96779275723462632) (-0.9326545246595519,-0.36077075495675254) (-0.96460611148182496,-0.26369499368003374) (-0.82877154500779993,0.55958710330509198) (-0.40490842586536435,-0.91435724236385429) (0.84138597701253837,-0.54043467476343121) (0.35283545487078521,-0.93568538611336982) (0.81791274762341715,-0.57534227836576735) (0.54019555137832098,-0.8415395215146293) (0.99233744872426199,-0.12355722503934019) (0.92324392040444603,-0.38421434569290741) (-0.58736946475071472,0.80931891852251825) (0.85115975529247057,0.52490672597182564)
 (1,-5.5511151231257827e-17) (0.75818181239571769,0.65204320359340073) (0.71951554337086487,0.69447633714024293) (-0.87987085985253999,0.47521286807319507) (0.35961095334987503,0.93310233213233063) (0.82172422031014969,0.56988534439453353) (0.98199202060346114,-0.18892239536680366) (-0.5687280897225091,-0.82252559836189021) (0.3700822912194871,-0.92899897617044469) (0.34325064110758191,-0.93924384340768152) (-0.10117987981860577,-0.99486814800750945) (-0.06850442246737265,0.99765081271074563) (-0.34047870138100722,0.94025222887579629) (0.96195564907441378,-0.27320565370032623) (-0.92243862107370433,0.38614374312118915) (-0.34087796606205401,-0.9401075535561858) (-0.76023167301462946,0.64965206329648251) (-0.99778989949743868,0.066447847676890215) (-0.05810267398385191,0.99831061262310827) (0.74628622250236942,-0.66562517538262056) (0.96716783474478074,0.25413850443231051) (-0.88779355515814218,-0.46024189663661308) (-0.98824987536221365,-0.15284692946398787) (0.3197359291555727,-0.94750669422807865) (0.4857618366673383,-0.87409120693299147) (-0.99990220357467863,-0.013985109456196132) (-0.34116393999083533,0.9400038117209577) (0.33969480040783107,0.94053572105257344) (-0.83795370874174302,0.54574131418278959) (0.98458249870105941,-0.17492084853320872) (-0.12715603083152677,-0.99188272684988921) (-0.12536465382431744,0.9921107315070774) (-0.99967346058590911,0.025553320727312534) (0.86532481524048033,-0.50121149640548845) (-0.16446776634516364,-0.98638245819430115) (0.042072719616067761,-0.99911455112219627) (-0.95959774723315727,-0.28137548490415598) (0.96799151564130614,0.25098291903324332) (-0.56540557558695803,0.82481303038639042)
 (1,-5.5511151231257827e-17) (0.61466155999058325,-0.78879095245187947) (0.99905027772974719,0.043572268337955966) (-0.40197092075600793,0.91565243344107783) (-0.41855265836449335,0.90819253034585956) (0.043018407278696658,0.99907427983869357) (-0.9264056200577403,-0.3765270602831004) (0.45719804434634764,-0.88936491287090602) (0.71537772798906329,-0.69873793821232155) (0.66400774680645525,0.74772569313954529) (0.92271739035984202,0.38547712970748632) (0.76132822847720538,0.64836666210082061) (0.67937515244960189,-0.73379111621365367) (-0.75366960101173697,-0.65725347660610267) (-0.035658227595609493,-0.99936404318183247) (-0.96844503211694488,-0.24922724523616863) (0.70493098340102711,0.70927590445556532) (0.61896302304523143,0.78542012713114751) (0.75174489874326189,0.65945402206179826) (0.17487122500675029,-0.98459131352284346) (0.096914324440281585,0.99529272765266552) (-0.98634077634565454,0.16471755497775847) (-0.88779355515814196,-0.46024189663661302) (-0.10493550726462708,0.99447902909770547) (-0.38817916788003015,-0.92158392652214083) (-0.15407137634840762,-0.98805972035606615) (-0.68682289178486311,-0.726824817490623) (-0.95496837337738838,0.29670761002870411) (0.22750709536580527,-0.97377642277794707) (-0.87636812160030031,-0.48164189543971403) (0.97080270869695906,0.23987934631111335) (0.93349642061713323,0.35858671572577822) (-0.81226379778311153,-0.58329025605692764) (-0.57395124922582019,0.81888946965516696) (-0.99213352064555749,0.12518417316678182) (-0.7370359950641644,0.67585349150520557) (0.91994083911564961,0.3920572056820209) (-0.77388970860663342,0.63332039199187284) (0.17755004712759087,-0.98411177249588411)
 (1,-5.5511151231257827e-17) (-0.88401625454392874,0.46745616019272174) (-0.4056548932503124,0.91402631667916268) (0.11175708504531418,-0.99373555533762348) (0.19117346088526432,-0.98155626830719689) (0.92426235666443657,-0.3817579024108087) (-0.15840504857407633,0.98737421507058032) (0.99525877024147502,-0.09726242983509259) (-0.74610893566477332,-0.66582389272327747) (0.11408053517173378,-0.99347150512479721) (0.96680306650064485,-0.25552266162700488) (0.99853438517034654,0.054120990682706982) (-0.23325328895064662,0.97241601343956974) (-0.031708967031224722,-0.99949714427296488) (0.98197760190373073,-0.1889973263287027) (-0.85990951063298904,0.51044650407553249) (-0.9713770519870667,-0.2375428863866797) (-0.94917488233268932,0.31474917434160909) (-0.5155041243309838,0.85688709746252167) (0.30566426942052072,0.95213935660680415) (-0.3347390606291395,-0.94231086234274086) (0.096914324440281419,0.99529272765266574) (0.96716783474478063,0.25413850443231062) (0.75284692355058647,-0.65819564697771782) (-0.19528518158918623,-0.9807465003004997) (0.59570939427677383,0.80320004828834468) (-0.87596994667156725,0.48236568340649072) (-0.55363094347897768,0.83276213796172116) (-0.76658224647344941,-0.64214613554215239) (-0.98707550801946997,-0.16025586250775614) (0.22580919385245357,0.97417154955978091) (0.91637319387929783,-0.40032507982819965) (0.95979196090515773,-0.28071229360651911) (0.99381424486255698,0.11105515165117397) (-0.99055351251212009,0.13712672551293859) (-0.27634473478873933,-0.96105857654699745) (-0.041076478007195383,0.99915600531374671) (-0.98939461849433019,0.14525250047575322) (-0.33217341355248864,-0.94321833279940348)
 (1,0) (-0.99952902860833892,-0.030687472513580061) (0.97728062351906275,-0.2119494819389568) (0.53760392171348681,0.84319749961576662) (-0.39657557496218743,0.91800207698207947) (-0.99349904414960566,0.11384045534791409) (0.94684545399236986,0.32168880343273282) (0.19152663766416078,-0.98148741564273911) (0.62368040837828509,-0.78167944082283269) (-0.84572941066169882,-0.53361199756172584) (-0.45429962784226441,-0.89084894799420455) (0.99656887468985089,-0.082767614435870829) (-0.1010627211175249,0.99488005628835596) (0.026096885899632605,0.99965941827521521) (0.4095134857366402,0.91230406389527152) (-0.17221306352046079,-0.98505972445984158) (-0.99953040620231737,0.030642569687135357) (0.93878014440881863,-0.34451682174279713) (-0.16412196088215109,-0.98644005492285158) (-0.99960884030580965,-0.027967237662581246) (0.30566426942052083,0.95213935660680438) (0.17487122500675023,-0.98459131352284379) (0.74628622250236964,-0.66562517538262067) (-0.91201458454352702,0.41015777157076733) (-0.87614345752530387,0.48205045569484395) (-0.080972745578266836,0.99671631594627708) (0.89169908642253382,-0.45262869912679982) (0.21160765752502703,0.97735469471260639) (-0.86201597555907539,-0.50688110823045762) (-0.91105297625834858,0.41228930916385137) (0.052223970355444238,0.99863539739001594) (0.35674700858191855,0.93420103396852072) (0.85457836123347319,-0.51932246678871152) (-0.96135286612007875,0.27531920892431633) (0.12020367358220141,0.99274925175360573) (0.22317259363727993,-0.97477894594067349) (-0.52308918793822268,-0.85227794847815441) (0.0095562293896122585,-0.99995433819742696) (0.65830473811574253,-0.75275153389040983)
 (0.99999999999999989,0) (-0.51783415045393832,0.85548102996130038) (0.72920464139253949,-0.68429568972161259) (-0.63285299290604657,-0.77427197377269152) (-0.97090264608564303,-0.23947453272508218) (0.57692846331137415,-0.81679467935410566) (-0.89955393626474778,0.43680970198771696) (-0.76740232783833184,0.64116586561381195) (-0.99562315446789085,0.093458730396935169) (-0.52222757633782968,-0.85280616702291445) (-0.47113348022072588,0.88206192742636036) (-0.97642594997542853,-0.21585264467822057) (0.88798538368349855,0.45987167597545009) (0.93822262413731938,0.34603223485230661) (-0.99526827180347976,-0.097165153945817651) (0.1085550306553198,-0.99409044121720758) (-0.66327810652417574,-0.74837300419356656) (-0.10836874618203243,-0.99411076588624359) (0.95010453411610385,0.31193168202672361) (-0.16412196088215103,-0.98644005492285114) (-0.51550412433098347,0.85688709746252145) (0.75174489874326178,0.65945402206179815) (-0.058102673983851993,0.99831061262310816) (0.77976485747719748,0.62607249344110716) (0.30165109092193071,-0.9534183863056177) (0.28426639116211977,-0.95874533576735854) (0.69118242040194111,-0.7226803316317072) (-0.94472298336429072,-0.32786961540111359) (-0.24279897132059727,0.97007662559493724) (0.076996013969039517,0.99703140062531559) (0.99225515212757986,-0.1242163961652141) (0.94785253478314602,0.31870922845936672) (0.99989261512015304,0.014654631628988612) (0.026815302246603834,0.99964040512847585) (-0.99999572656043745,-0.0029235014729890874) (-0.68584052847342569,0.72775185984186375) (-0.89237752188554142,-0.451289661341161) (0.99766311868253577,-0.068324970696198445) (0.98325075692988506,-0.18225791888641707)
 (1,0) (0.12430985275668349,0.99224344820593902) (-0.78886621521068945,-0.61456496361179025) (-0.94814333999580025,0.31784305375705391) (0.85524935873348373,-0.51821668671122989) (0.97590939432911605,-0.21817619957313872) (-0.38198906110876063,-0.92416684488962719) (-0.54276973356198743,-0.83988154898714695) (0.99676303878915629,-0.080395550273675842) (0.40287116349253632,0.91525669930690512) (-0.27644746643155654,0.96102903093692915) (0.87236508254473355,0.48885495063128898) (-0.99402958632471461,-0.1091108679789371) (0.060966530876822134,-0.99813981090468751) (0.19101120810568747,0.98158785565939333) (0.9991620449315981,-0.040929304515311293) (-0.89671678559849655,-0.44260479711126055) (0.098561284718857667,-0.99513098291359037) (-0.10836874618203243,-0.99411076588624381) (0.93878014440881863,-0.34451682174279702) (-0.94917488233268943,0.31474917434160921) (0.61896302304523143,0.78542012713114762) (-0.99778989949743868,0.066447847676890159) (-0.71317928691998289,0.70098167216290608) (-0.67177888384136097,0.74075173386557469) (0.90950312909481679,0.41569707500382685) (-0.29681353536866961,0.95493545605027741) (-0.78204047264025589,0.62322764633206562) (-0.9923752060953015,-0.12325360168087796) (0.51281608781529864,-0.85849849159903124) (-0.43099435462223462,-0.90235462335146477) (-0.40490275453137647,-0.9143597538020275) (0.034849414957976721,-0.99939257465576925) (0.13464477004657924,0.99089393271888815) (0.4022039461141691,0.91555010006563298) (-0.97798355807249782,-0.20868195930616001) (0.94605835963798834,0.32399626565606982) (0.27765646797935267,-0.96068042854490932) (0.80171946595693921,0.59770050853727774)
 (1,5.5511151231257827e-17) (0.81256796698399492,0.58286645042539342) (-0.67411730394790115,0.73862430268575152) (0.96427438395858711,0.26490547831497735) (-0.84517790969112527,-0.53448508021285368) (0.25674249345884559,0.96647984565252798) (-0.46175427199337704,-0.88700788739213965) (0.2311448449355944,-0.97291934951449111) (0.70477747065289797,0.70942844379127079) (-0.94095859381071534,-0.33852167542678907) (-0.39769880472685509,-0.9175160274997004) (0.86601713052287965,-0.50001432943558477) (0.91252866167262181,-0.4090127646247404) (0.90502137283051709,0.42536609493466471) (0.25935812539328668,-0.96578121890647695) (-0.9145378158984544,-0.40450041197962344) (-0.49264004644482212,-0.87023317831420521) (-0.89671678559849644,-0.4426047971112605) (-0.66327810652417596,-0.74837300419356678) (-0.99953040620231726,0.030642569687135301) (-0.9713770519870667,-0.23754288638667959) (0.70493098340102744,0.70927590445556543) (-0.76023167301462946,0.64965206329648251) (-0.98808534233451562,0.15390697275849008) (-0.99954363517236811,-0.030207968922242923) (-0.99938824036975826,-0.034973490112354011) (-0.92788732370051841,0.37286071731397069) (-0.37810536276750889,-0.92576256926193068) (0.13603573889684373,0.99070393041654503) (0.91826000595442991,-0.39597798103501891) (0.60834405719589801,0.79367342658957296) (-0.0089551833832339223,0.99995990154134318) (-0.040489685570308964,0.99917995644549351) (0.59078424678756636,-0.806829581601746) (0.9748554485001526,0.222838180143274) (0.85757246599358494,0.51436316505916513) (0.86214725592929053,0.50665778301886866) (0.62942872865739097,0.77705821888758142) (0.16568216141274003,-0.98617920348666999)
 (0.99999999999999989,1.3877787807814457e-17) (-0.88958327308499929,0.45677302924688945) (-0.92489500885933962,-0.38022259610270598) (0.68205986004820562,0.7312963471199776) (-0.99826932091257981,-0.058807847475790626) (0.24508126271856409,0.96950253979258572) (0.045481033271943423,0.99896520240322495) (0.81422108987408648,0.58055492143659837) (-0.87803459442844245,-0.47859716984838219) (0.99305801929255577,0.11762555130049494) (-0.73466298561054755,0.67843223506389749) (-0.67320764657505949,-0.73945349048663633) (0.83137854262440514,0.55570650424816848) (0.37356197706098404,-0.92760522276143298) (-0.89786661859540029,0.44026757229219426) (-0.97465247275459521,0.22372428869783581) (-0.91453781589845418,-0.4045004119796235) (0.9991620449315981,-0.040929304515311175) (0.10855503065531989,-0.99409044121720758) (-0.17221306352046056,-0.98505972445984114) (-0.85990951063298893,0.51044650407553238) (-0.96844503211694488,-0.24922724523616877) (-0.34087796606205378,-0.94010755355618592) (-0.31548797098424208,-0.94892957597718774) (0.90297548403992245,-0.42969207023503136) (0.98061228665949673,-0.19595801400410517) (0.29708513080254162,0.9548509962585976) (0.56217465606644668,0.82701853430051508) (0.58334064352897008,-0.81222761194581883) (0.98143723512042513,-0.1917836111850415) (-0.90243431907375571,-0.43082745938239231) (0.96249104787099404,0.27131344008028024) (0.58937716500046544,0.8078580057015059) (-0.4429992950124701,-0.89652195991980876) (0.99451289437890356,-0.10461406652116965) (-0.082203537137244029,0.99661556203087942) (0.97245036048526745,-0.2331100521043081) (-0.99998603697358968,0.0052844922040723996) (-0.9487492961979278,0.31602970266089953)
 (1,0) (0.013626757973914407,-0.99990715142313136) (0.21685119846757489,0.97620466999660271) (-0.57476441830327418,-0.81831892526844296) (0.89072969808694058,-0.45453339255322905) (-0.96517923887026635,0.26158944331492601) (-0.89846245378102152,-0.43905036060318481) (0.99958185775709441,-0.028915560566514602) (0.1963094387747277,0.98054199514755735) (0.31101364807848564,-0.95040544543311201) (0.4662808409445155,0.8846367488229705) (-0.55400372223259664,-0.8325141895201712) (0.65070698724407972,0.75932892527002693) (-0.30565439681259476,0.95214252594300652) (-0.99970171207979175,0.024423080574186917) (-0.89786661859540029,0.44026757229219432) (0.25935812539328668,-0.96578121890647695) (0.19101120810568739,0.98158785565939333) (-0.9952682718034801,-0.097165153945817609) (0.40951348573663998,0.9123040638952713) (0.98197760190373062,-0.18899732632870284) (-0.035658227595609403,-0.99936404318183247) (-0.92243862107370433,0.38614374312118904) (-0.50233462270452511,0.86467330641826912) (-0.99249281215898322,0.12230297548609805) (-0.18257725328482302,-0.98319151063410337) (0.99894852467283601,-0.045845883718868476) (0.028565947318890558,0.99959191005818726) (-0.62038489908824612,-0.78429750540421017) (0.86955808210584307,-0.49383068135182501) (0.91176223359845876,-0.4107184307814179) (0.2872307766600859,-0.95786141008981263) (-0.12319216873307276,0.99238283417380957) (0.80105642371087404,-0.59858884556224845) (0.65015335633815485,0.75980300949800972) (-0.97115771863033451,-0.23843801195431269) (-0.97900973039310779,0.20381351229890224) (-0.28007419649207127,-0.95997835624524419) (0.66598488976108261,0.74596523150205829)
 (0.99999999999999989,0) (0.9127221069133743,0.40858090453618856) (0.62620433351305271,-0.77965898487061125) (-0.72681233708115034,-0.68683609883773278) (0.073616034302141808,-0.99728665863613408) (0.37841852557098082,0.92563460366641659) (0.66391984443095464,0.74780374442147313) (-0.63839111405770776,-0.76971214456584913) (-0.90532551577467224,0.42471838962696606) (0.026878680078924466,-0.99963870301084967) (-0.12025873931895331,0.99274258275618232) (0.080562965690065991,-0.9967495214742873) (-0.98879031173833321,0.14931081478717073) (-0.54788212323403263,-0.83655554450411007) (-0.30565439681259471,0.95214252594300619) (0.37356197706098399,-0.92760522276143287) (0.90502137283051687,0.42536609493466465) (0.060966530876822189,-0.99813981090468717) (0.93822262413731938,0.34603223485230666) (0.026096885899632494,0.99965941827521498) (-0.031708967031224777,-0.99949714427296454) (-0.75366960101173686,-0.65725347660610267) (0.96195564907441367,-0.27320565370032612) (-0.77389690090869367,0.63331160321276148) (-0.90523358016469913,0.42491430352742871) (-0.85502037474280068,-0.51859440681006219) (0.93049415477651398,0.36630674021472726) (-0.59275739204414934,0.80538107388801849) (0.95340107662077556,0.30170579559953126) (0.98566766053260169,0.1686987343763624) (0.33299752563434365,0.94292770026201067) (-0.9855771020216908,0.16922699539531366) (-0.52043013296593987,0.85390425499645672) (-0.49629579648658551,0.8681534901097534) (-0.46471404864859217,-0.88546081392043152) (0.99898549803881198,0.045033040183256212) (0.93572738688333101,0.35272405281819486) (-0.98825373759861501,-0.15282195562931183) (-0.5647486612233894,-0.82526295787851089)
 (1,0) (-0.95760841166730937,-0.28807313290901221) (-0.57739474098660959,-0.81646513280176591) (-0.047073637192728501,-0.99889142186798652) (0.25355649623479287,0.96732057934127269) (-0.99958648411998108,-0.028755186743514294) (-0.55855663262435395,0.82946638759587032) (-0.4176745608245217,-0.9085966988934322) (-0.94276325405651307,-0.33346281172085074) (-0.94179675084321568,0.33618280756332725) (-0.29314206073665805,-0.95606889512579851) (-0.52914968401198181,0.84852849799521768) (0.92519005268405963,0.37950410592570305) (-0.98879031173833343,0.14931081478717095) (0.65070698724407983,0.75932892527002682) (0.83137854262440536,0.55570650424816836) (0.9125286616726217,-0.40901276462474045) (-0.99402958632471461,-0.1091108679789371) (0.88798538368349877,0.45987167597545026) (-0.10106272111752479,0.99488005628835574) (-0.2332532889506464,0.97241601343956985) (0.679375152449602,-0.73379111621365367) (-0.34047870138100722,0.94025222887579629) (-0.76819070600519423,0.64022108619385598) (0.97826437584527781,-0.20736154646425808) (0.99497774776428094,0.10009636084253593) (-0.82779471210666711,0.56103111732616007) (0.79963811384000094,-0.60048221197168361) (-0.66683355590882953,-0.74520668858645267) (0.85029173690574011,-0.52631165876296104) (0.21611483467427584,-0.97636795227706563) (0.21331698267245169,0.9769830422804282) (-0.99908807099010866,0.042696913299023975) (0.72737626182329407,-0.68623886055510663) (-0.85301087471287629,-0.52189313812462967) (0.99009867999451728,0.14037308813698823) (0.99934893024906912,0.036079296141163841) (-0.83067866355073994,-0.5567521512500484) (0.9578084694885497,-0.28740726465418726)
 (1,0) (0.016395081592310123,0.99986559161698429) (0.49511536482754143,-0.86882724146500534) (0.077037631080938751,0.9970281858590746) (0.97974478111407148,0.20025025313277467) (-0.57277611093079428,-0.81971185592682161) (-0.6448913435200434,0.7642742669048288) (-0.83690145649344205,-0.54735358966499503) (-0.2887166544804799,0.95741458805764967) (-0.12681195060810707,0.99192677611957181) (0.8281865832019617,0.56045248095111522) (-0.9857410293782809,0.16826949515657219) (-0.52914968401198192,0.8485284979952179) (0.080562965690065824,-0.99674952147428764) (-0.55400372223259697,-0.83251418952017131) (-0.67320764657505983,-0.73945349048663656) (0.86601713052287965,-0.50001432943558488) (0.87236508254473344,0.48885495063128892) (-0.97642594997542864,-0.21585264467822057) (0.99656887468985078,-0.082767614435870773) (0.99853438517034654,0.054120990682706815) (0.7613282284772056,0.64836666210082083) (-0.068504422467372594,0.99765081271074574) (-0.9289440298370788,0.3702201904678461) (-0.50246558281379472,-0.86459721147340807) (-0.021642807530511121,0.9997657670085518) (-0.97554403867136763,-0.21980406869017882) (0.93848310797807932,-0.345325145391709) (0.73417373600281177,-0.6789616523513492) (0.32262684615005371,0.9465262374299348) (-0.68620112358579299,0.72741186269512814) (-0.99943101050727035,-0.033729145207318345) (0.92251741461709857,-0.38595546339983949) (-0.084084172200150409,-0.99645865543203371) (0.51037684299982033,-0.8599508579736036) (-0.64893780850718352,-0.76084145568567318) (-0.17581420973869694,-0.98442336606460001) (0.042519819574401985,0.99909562352327475) (-0.16235912216873644,-0.98673173428678074)
 (1,5.5511151231257827e-17) (-0.98952993929981192,0.14432774933917081) (0.080831690354636498,-0.99672776515677119) (-0.59947605346271515,-0.80039269194862628) (0.043139194616754695,-0.99906907163009373) (-0.27669952790136854,-0.96095648770335029) (-0.066156007932975047,-0.99780929170577104) (0.53033654642363803,-0.84778720651319606) (-0.92250915590738103,0.38597520291730081) (0.04835268818674765,0.99883032470240607) (0.59260323794342606,0.80549450797567024) (0.82818658320196148,0.56045248095111533) (-0.29314206073665799,-0.95606889512579873) (-0.12025873931895342,0.99274258275618266) (0.46628084094451544,0.88463674882297083) (-0.73466298561054777,0.67843223506389749) (-0.39769880472685498,-0.91751602749970063) (-0.27644746643155682,0.96102903093692904) (-0.4711334802207261,0.88206192742636058) (-0.45429962784226419,-0.89084894799420444) (0.96680306650064507,-0.25552266162700482) (0.92271739035984224,0.3854771297074866) (-0.10117987981860554,-0.99486814800750967) (-0.70792195316925488,-0.70629066836609578) (0.94297259700492153,-0.33287036710676632) (0.41174153793983426,0.91130066714281521) (0.99989406194240182,0.014555579422465381) (-0.32992255642622398,0.94400800142858166) (0.55075320544210649,0.83466814165585901) (-0.45585892502608838,-0.89005204368849045) (0.75363138007417063,-0.65729730181060442) (-0.42930031266914781,0.9031618025260878) (-0.96215952153008355,0.27248679808203624) (-0.84396976942792312,0.5363907421756815) (0.88163103213703375,-0.47193932149481754) (0.7500059986635319,0.66143102585887081) (-0.9136589040946006,-0.40648174247886404) (0.37443774164239668,0.92725205722809889) (-0.79833312182482441,-0.60221609626232231)
 (1.0000000000000002,0) (-0.81584487005068862,-0.5782708258350715) (0.755798644742115,0.65480409941140527) (-0.31309751973111682,-0.94972098173001496) (-0.23659657165706016,0.97160797767418816) (-0.94840717445468192,-0.31705493442443961) (0.85459349844814969,-0.51929755671498457) (-0.52554297223820046,0.85076705644438178) (0.3381732962650939,-0.94108385476173217) (-0.99971395951627851,-0.023916503680186496) (0.048352688186747733,0.99883032470240618) (-0.12681195060810735,0.99192677611957192) (-0.94179675084321601,0.33618280756332719) (0.026878680078924466,-0.99963870301085023) (0.31101364807848575,-0.95040544543311223) (0.9930580192925561,0.11762555130049496) (-0.94095859381071545,-0.33852167542678924) (0.40287116349253627,0.91525669930690523) (-0.52222757633782979,-0.85280616702291501) (-0.84572941066169882,-0.53361199756172584) (0.11408053517173386,-0.99347150512479743) (0.66400774680645536,0.74772569313954573) (0.34325064110758213,-0.93924384340768174) (0.19378802716524146,0.98104342438416181) (-0.014789125874119097,0.99989063489757646) (-0.86573508270681498,-0.50050251405025392) (0.94604607278310682,0.32403214064604724) (0.77745251809916049,-0.62894163648249157) (-0.64713068061325962,-0.7623790935020579) (0.89993094594817002,0.4360324443488478) (-0.99494214887991506,0.10044959124962549) (0.96421726534970364,-0.26511330634568087) (-0.78048853057023804,0.62517009977150295) (0.95062488671138645,0.31034227034834222) (-0.21043429052420506,-0.97760800394205771) (-0.44130661820651312,0.89735637777146904) (0.50780831097007517,0.86147009194151336) (0.5628358352675995,0.8265687040643529) (-0.48322859668016538,-0.87549421662882387)
 (0.99999999999999989,0) (-0.98077072950906075,-0.19516346004891671) (0.49307019884144665,0.869989528106204) (0.99442603499913806,-0.10543652553026031) (-0.14258391752623656,0.98978271679337326) (0.9951873522203204,0.097990479030911265) (-0.35529706716185189,-0.9347534402537313) (-0.94051454550061153,0.33975342485658333) (0.080764560309264169,0.99673320693054646) (0.33817329626509363,-0.94108385476173184) (-0.9225091559073807,0.38597520291730081) (-0.28871665448047978,0.95741458805764923) (-0.94276325405651273,-0.33346281172085079) (-0.90532551577467202,0.42471838962696606) (0.19630943877472765,0.98054199514755691) (-0.87803459442844245,-0.47859716984838202) (0.70477747065289764,0.70942844379127046) (0.99676303878915584,-0.080395550273675703) (-0.99562315446789074,0.093458730396935114) (0.62368040837828476,-0.78167944082283236) (-0.74610893566477321,-0.66582389272327713) (0.71537772798906329,-0.69873793821232155) (0.37008229121948699,-0.92899897617044458) (0.16274928676499706,0.98666745647025578) (0.18506295192254857,-0.98272666791214713) (0.44227278974977596,-0.89688058260113457) (-0.75676397024511666,0.65368822334416254) (0.7074290985204954,-0.70678431686510901) (0.53930754003025694,0.842108886823143) (-0.99599337494452567,0.089427048853312138) (0.39284146217941318,-0.91960621224127259) (-0.99741650091369183,0.07183539312265988) (0.97209928388639233,-0.23456978123271344) (0.87565629943229895,-0.48293482506911029) (-0.24692444607047523,0.96903473515286753) (0.95038014058798082,0.3110909647932093) (-0.34506039583933218,0.9385804830824066) (-0.38797971641888118,-0.92166791180312035) (-0.90802474260310317,-0.41891653920628186)
 (1,0) (-0.67441077589883547,-0.73835635390475984) (0.29704159944859837,0.95486453918711311) (0.64495597786172976,0.7642197240456573) (-0.54860853702187073,-0.83607934617877178) (0.80414306807484837,0.5944358048327586) (-0.046482605879668903,0.99891909950237501) (-0.45319656175026668,0.89141061044713632) (-0.94051454550061175,0.33975342485658344) (-0.52554297223820035,0.85076705644438144) (0.5303365464236377,-0.84778720651319583) (-0.83690145649344183,-0.54735358966499503) (-0.41767456082452159,-0.90859669889343231) (-0.63839111405770776,-0.76971214456584924) (0.99958185775709452,-0.028915560566514564) (0.81422108987408648,0.58055492143659837) (0.23114484493559434,-0.97291934951449099) (-0.54276973356198743,-0.83988154898714706) (-0.76740232783833195,0.64116586561381195) (0.19152663766416073,-0.98148741564273867) (0.9952587702414748,-0.097262429835092701) (0.45719804434634781,-0.88936491287090602) (-0.56872808972250899,-0.82252559836189032) (-0.47894397156631802,0.87784547165220439) (0.75252458608471939,-0.65856415582539973) (-0.95321029006521529,0.30230802654542321) (-0.14378986270278005,-0.98960824338922881) (-0.36871246094649279,0.9295435014795066) (0.040149076624554358,0.99919370076386882) (0.77828947147645022,0.62790564465443943) (-0.47696060694477038,0.8789246722119457) (0.87558582723077549,-0.48306258305999894) (-0.82879032070374747,-0.5595592947202106) (-0.84256079885484925,-0.53860124418077437) (-0.064110700656596076,0.9979427929802992) (-0.15805980799674474,-0.98742954031972929) (0.66313608327765394,0.74849885441139619) (0.90040916489085832,-0.43504406188402056) (0.3002594550128822,0.9538575678136475)
 (0.99999999999999989,-5.5511151231257827e-17) (0.99999564888173942,-0.0029499521333289369) (-0.48027392101477573,-0.87711855572270969) (-0.96884482280819317,-0.24766854729206472) (0.4248674313146496,0.90525558037942599) (0.60519414040752972,-0.79607791855847299) (-0.2461099082732853,-0.96924192699744216) (-0.046482605879668737,0.9989190995023749) (-0.35529706716185194,-0.93475344025373142) (0.85459349844814925,-0.51929755671498445) (-0.066156007932975214,-0.9978092917057706) (-0.64489134352004329,0.76427426690482858) (-0.55855663262435384,0.82946638759587021) (0.66391984443095464,0.74780374442147313) (-0.89846245378102152,-0.4390503606031847) (0.045481033271943527,0.99896520240322506) (-0.46175427199337687,-0.88700788739213954) (-0.38198906110876063,-0.92416684488962697) (-0.89955393626474789,0.43680970198771701) (0.94684545399236952,0.32168880343273271) (-0.15840504857407622,0.98737421507058021) (-0.9264056200577403,-0.37652706028310029) (0.98199202060346102,-0.18892239536680355) (-0.96826302467569614,-0.24993342122627737) (-0.62975292314374332,0.77679550448744861) (0.88931940050285019,-0.45728656648676219) (-0.17146631259113376,-0.98518998352926768) (0.99371201098342743,0.11196624146265066) (0.9585789290652168,0.28482702953228051) (-0.93060496463853815,-0.36602513546217602) (-0.41870557352634435,0.90812204174217404) (0.32076899440308881,-0.94715745904766591) (-0.78259199792379897,0.6225349506538862) (-0.8441459806624565,-0.53611338663702446) (-0.29872283958478113,0.95433991067669632) (0.92371050013389477,0.38309125798220761) (0.44650060067605735,0.89478333332484428) (0.71047627016141324,0.7037211589383443) (0.37148054046461726,-0.92844074019622613)
 (1,0) (-0.7721886616799879,0.63539331974208624) (-0.90074338182155056,0.43435165488884159) (-0.8052681151777823,0.59291083872537009) (0.98504790354199745,-0.17228066556498922) (0.106125296820889,-0.99435276505608294) (0.60519414040752983,-0.79607791855847299) (0.80414306807484826,0.5944358048327586) (0.99518735222032073,0.097990479030911293) (-0.9484071744546817,-0.31705493442443955) (-0.27669952790136865,-0.96095648770335029) (-0.57277611093079417,-0.81971185592682128) (-0.99958648411998108,-0.028755186743514349) (0.37841852557098088,0.92563460366641659) (-0.96517923887026624,0.26158944331492606) (0.24508126271856417,0.9695025397925856) (0.25674249345884559,0.96647984565252787) (0.97590939432911594,-0.21817619957313866) (0.57692846331137426,-0.81679467935410577) (-0.99349904414960544,0.11384045534791398) (0.92426235666443657,-0.38175790241080876) (0.043018407278696491,0.99907427983869368) (0.82172422031014947,0.56988534439453353) (0.018061323192731793,0.99983688099835877) (0.96862165936491995,-0.24853989822390377) (0.2373478301460086,-0.97142473075631619) (-0.85508474347316954,-0.51848826551757488) (-0.82454763758873595,0.56579253560544107) (0.61482482434904862,0.78866370232448346) (0.018151183013792815,-0.99983525370692894) (0.52921363638570473,0.8484886133964431) (0.41159223060144073,0.91136811207575719) (-0.50281745209444961,-0.86439262483506041) (0.18416570439086088,-0.98289520973815803) (-0.37571081429501413,-0.92673695513979415) (-0.99858373204482731,0.053202726390891963) (0.82727735124664636,-0.56179372025177776) (-0.9368781275020448,-0.34965607989603376) (-0.79906838129464264,0.60124015336233105)
 (1,-1.1102230246251565e-16) (0.33078718727948458,-0.94370537602141891) (0.10901372526074282,0.99404024450963491) (-0.90362609065891997,-0.42832217813286066) (0.032425315624213025,0.99947416120011323) (0.98504790354199756,-0.17228066556498939) (0.42486743131464977,0.90525558037942611) (-0.54860853702187085,-0.83607934617877178) (-0.14258391752623661,0.98978271679337371) (-0.23659657165705994,0.97160797767418794) (0.043139194616754528,-0.99906907163009362) (0.97974478111407137,0.20025025313277467) (0.25355649623479298,0.96732057934127269) (0.073616034302141642,-0.99728665863613419) (0.89072969808694069,-0.45453339255322928) (-0.99826932091257992,-0.058807847475790487) (-0.84517790969112538,-0.53448508021285368) (0.85524935873348351,-0.51821668671123) (-0.97090264608564336,-0.23947453272508207) (-0.39657557496218737,0.91800207698207936) (0.19117346088526427,-0.981556268307197) (-0.4185526583644934,0.90819253034585967) (0.35961095334987508,0.93310233213233063) (0.23111905228042423,-0.97292547693695319) (0.87575006402978584,0.48276477227716696) (0.32676860739326569,-0.94510437371872658) (0.65525302329894597,-0.7554094753559758) (-0.41608454861313721,-0.90932593078906654) (0.93933701598107544,-0.3429955836563634) (-0.09268452444312264,0.99569552521277904) (0.11116962081383108,-0.99380144667237702) (-0.92557749261029854,0.37855819258501366) (-0.96843025820324025,0.24928464653164212) (-0.97702002157937828,0.2131475485034523) (-0.25697283682118055,0.96641862623610209) (-0.2801110050720777,0.95996761655667884) (-0.017264608640142731,-0.99985095553712511) (-0.31612172996334059,-0.94871863681756829) (0.042801328684293871,0.99908360323991841)
 (0.99999999999999989,0) (0.96506625351191344,-0.26200596621542693) (0.30904314845102665,-0.95104801792311033) (-0.98375675638135907,-0.1795066691630931) (-0.90362609065891986,-0.42832217813286066) (-0.8052681151777823,0.59291083872537009) (-0.96884482280819295,-0.24766854729206472) (0.64495597786172976,0.76421972404565719) (0.99442603499913818,-0.10543652553026028) (-0.31309751973111677,-0.94972098173001451) (-0.59947605346271504,-0.80039269194862606) (0.077037631080938695,0.99702818585907449) (-0.047073637192728335,-0.99889142186798641) (-0.72681233708115056,-0.68683609883773278) (-0.57476441830327429,-0.81831892526844274) (0.68205986004820551,0.73129634711997749) (0.96427438395858711,0.26490547831497735) (-0.94814333999580003,0.31784305375705363) (-0.63285299290604657,-0.77427197377269152) (0.53760392171348648,0.84319749961576629) (0.11175708504531401,-0.99373555533762326) (-0.40197092075600793,0.91565243344107783) (-0.87987085985253977,0.47521286807319479) (0.97421772814883734,0.22560988045854397) (0.15226662605024693,-0.98833945311885318) (0.88438281997983803,0.46676228181431884) (0.97895348014558392,0.20408352140937297) (0.75910524645337718,0.65096791380755303) (-0.71085520269882863,0.70333838285423333) (0.19608157367727003,0.98058758734966922) (-0.91464301335938103,0.40426248665053144) (0.31589750813888406,0.94879332014493234) (0.68352381612720436,-0.72992821070767222) (-0.85661701055921458,0.51595280522601572) (0.67603445500794868,0.73687001271737596) (0.94709878214690535,0.32094220173708721) (-0.27862840685561407,-0.9603989852624284) (-0.33781044804150268,-0.94121416329866148) (-0.96967438672426198,-0.24440045771423363)
 (1,1.3877787807814457e-17) (-0.52678687283944359,-0.849997406233713) (-0.54615457482361296,-0.83768441575526409) (0.30904314845102676,-0.95104801792311067) (0.1090137252607427,0.99404024450963513) (-0.90074338182155111,0.4343516548888417) (-0.48027392101477584,-0.87711855572271014) (0.29704159944859854,0.95486453918711356) (0.49307019884144698,0.86998952810620467) (0.755798644742115,0.65480409941140527) (0.08083169035463636,-0.99672776515677131) (0.49511536482754143,-0.86882724146500545) (-0.57739474098660959,-0.81646513280176614) (0.62620433351305282,-0.77965898487061169) (0.216851198467575,0.97620466999660305) (-0.92489500885933984,-0.38022259610270609) (-0.67411730394790115,0.73862430268575163) (-0.78886621521068967,-0.61456496361179036) (0.72920464139253982,-0.68429568972161292) (0.97728062351906286,-0.2119494819389568) (-0.40565489325031234,0.91402631667916279) (0.99905027772974753,0.043572268337956049) (0.71951554337086521,0.69447633714024315) (0.98209820762084987,-0.18836961163604177) (-0.14203131156085055,-0.98986216542319905) (-0.98800577226669939,0.15441694844699938) (0.99765099544322233,0.068501761226606089) (0.99596646975351333,-0.089726200893187502) (-0.99767560278776524,-0.068142436132483927) (-0.60816062907300394,0.79381398907144973) (0.83933901676521494,0.54360832861132868) (-0.90808585519425822,-0.41878404887974496) (-0.5052738372534511,0.86295906588155935) (-0.98512685769161401,-0.17182861884635717) (0.20981795443808998,-0.97774046965205208) (-0.82218999306350693,-0.56921315454426247) (0.50490078112809866,0.86317738687724888) (-0.62207548797802226,0.78295727039022101) (0.065717844555467711,0.99783824586301728)
 (1,-6.9388939039072284e-18) (0.97082482210056475,-0.2397898346331786) (-0.52678687283944337,-0.84999740623371267) (0.96506625351191377,-0.26200596621542688) (0.33078718727948475,-0.9437053760214188) (-0.7721886616799879,0.63539331974208624) (0.99999564888173964,-0.0029499521333288536) (-0.67441077589883525,-0.73835635390475984) (-0.98077072950906097,-0.1951634600489168) (-0.81584487005068829,-0.57827082583507128) (-0.9895299392998117,0.14432774933917092) (0.016395081592310047,0.99986559161698407) (-0.95760841166730937,-0.28807313290901249) (0.91272210691337463,0.40858090453618856) (0.013626757973914515,-0.99990715142313125) (-0.88958327308499929,0.45677302924688945) (0.81256796698399469,0.58286645042539353) (0.12430985275668341,0.9922434482059389) (-0.51783415045393855,0.85548102996130038) (-0.9995290286083387,-0.030687472513580144) (-0.88401625454392851,0.46745616019272168) (0.61466155999058325,-0.78879095245187925) (0.75818181239571758,0.65204320359340084) (0.98298519788757099,-0.18368478634316077) (0.96967045891842341,-0.24441604100576844) (-0.13730999413778305,-0.99052812454260142) (-0.25654077269109515,-0.96653340963830903) (-0.085742166153670418,0.99631735955130085) (-0.40579086118654495,-0.91396596051356482) (0.24147921600091993,-0.97040599144872375) (-0.98597092123141017,-0.16691717253202154) (-0.98643827872421941,-0.16413263620498808) (0.99968556702453837,0.025075228470095169) (-0.25946871714819042,0.96575151297912698) (0.32587377444768556,0.94541328694239246) (-0.95498853182052568,-0.29664272128484315) (0.99806471430364518,0.062183808680259502) (0.74038324905116781,0.67218497790744813) (0.30307198271554836,0.95296766644669872)


# name: N
# type: scalar
39


# name: argn
# type: sq_string
# elements: 1
# length: 1
x


# name: defect
# type: scalar
0


# name: info
# type: complex matrix
# rows: 1
# columns: 38
 (-5.2735593669694936e-16,1.9984014443252818e-15) (-1.0547118733938987e-15,-2.2204460492503131e-16) (-1.6653345369377348e-16,-5.5511151231257827e-16) (4.4408920985006262e-16,6.6613381477509392e-16) (-1.1657341758564144e-15,-7.7715611723760958e-16) (1.1102230246251565e-16,2.2204460492503131e-16) (9.9920072216264089e-16,7.7715611723760958e-16) (3.3306690738754696e-16,2.2204460492503131e-16) (-1.0547118733938987e-15,7.7715611723760958e-16) (1.2906342661267445e-15,-1.3322676295501878e-15) (-4.4408920985006262e-16,5.5511151231257827e-16) (-8.8817841970012523e-16,-7.7715611723760958e-16) (7.7715611723760958e-16,-4.4408920985006262e-16) (-2.2204460492503131e-16,4.4408920985006262e-16) (-7.4940054162198066e-16,7.7715611723760958e-16) (-7.7715611723760958e-16,2.4424906541753444e-15) (8.8817841970012523e-16,9.9920072216264089e-16) (5.5511151231257827e-16,1.0824674490095276e-15) (-1.8041124150158794e-16,-4.4408920985006262e-16) (6.6613381477509392e-16,-1.6653345369377348e-15) (1.3322676295501878e-15,1.4432899320127035e-15) (-2.2204460492503131e-16,1.3322676295501878e-15) (8.8817841970012523e-16,1.9984014443252818e-15) (1.1102230246251565e-16,8.0491169285323849e-16) (1.7763568394002505e-15,1.8041124150158794e-16) (6.6613381477509392e-16,-4.3021142204224816e-16) (-1.9984014443252818e-15,2.2204460492503131e-15) (-1.1102230246251565e-15,-9.9920072216264089e-16) (1.1102230246251565e-16,2.2204460492503131e-16) (7.7715611723760958e-16,6.6613381477509392e-16) (-3.3306690738754696e-16,-7.7715611723760958e-16) (-3.4694469519536142e-16,-1.5543122344752192e-15) (7.4940054162198066e-16,-1.1102230246251565e-16) (7.4940054162198066e-16,4.4408920985006262e-16) (1.1102230246251565e-16,6.6613381477509392e-16) (-3.3306690738754696e-16,1.8873791418627661e-15) (-2.2204460492503131e-16,-9.9920072216264089e-16) (6.6613381477509392e-16,3.3306690738754696e-16)


# name: is_convergent
# type: scalar
4.5829497501125014e-14


# name: is_unimodular
# type: matrix
# rows: 1
# columns: 39
 1.9256382990475931 1.9256382990475929 1.9256382990475933 1.9256382990475929 1.9256382990475931 1.9256382990475935 1.9256382990475931 1.9256382990475931 1.9256382990475931 1.9256382990475933 1.9256382990475933 1.9256382990475929 1.9256382990475931 1.9256382990475933 1.9256382990475929 1.9256382990475931 1.9256382990475931 1.9256382990475929 1.9256382990475931 1.9256382990475924 1.9256382990475935 1.9256382990475931 1.9256382990475933 1.9256382990475935 1.9256382990475931 1.9256382990475926 1.9256382990475935 1.9256382990475929 1.9256382990475924 1.9256382990475933 1.9256382990475929 1.9256382990475931 1.9256382990475929 1.9256382990475931 1.9256382990475931 1.9256382990475929 1.9256382990475929 1.9256382990475929 1.9256382990475929


# name: spectrum
# type: scalar
6.2449979983983983


# name: x
# type: complex matrix
# rows: 1
# columns: 39
 (-1.5772208114392545,1.1047431243152441) (1.6388576664933883,-1.0110531181568811) (-1.426333806123238,1.2936980838931877) (-1.8169703246541147,-0.63773168188919971) (1.9092143394302159,0.25096506703713145) (-0.96696178841606628,1.6652530614000118) (0.20026190828213863,1.9151966026625318) (-0.094104998062900902,-1.9233374919910673) (1.4338978733332961,-1.2853092031138491) (1.7114535280910672,-0.88261525023282217) (1.8877428453933411,0.38014445731216467) (1.9135451252097773,0.21547137291251606) (0.29534351618393812,-1.9028544521867707) (0.9306996667078451,-1.6857879431140841) (-1.6030768604260017,1.066877424227179) (-0.94900220604913466,-1.6755529450521052) (-1.5452981510262196,-1.1489719244584937) (0.4781855604323263,1.8653207307465729) (1.8294908628778523,-0.60087106887031805) (0.54182815088502745,-1.8478379565501455) (0.7038154561097667,-1.7924080624957894) (-0.10392821245360728,-1.9228317101127455) (1.5138819836342681,1.190060586015049) (-0.26120664134892557,-1.9078401267596095) (0.49979333473993204,1.859647676660406) (-0.83970682359417614,-1.732909492491828) (1.6607515862760673,-0.97467277967553578) (1.2868965652315087,1.4324734165611073) (1.6024215407190887,-1.0678614444759991) (1.5634469776601507,1.1241514163155462) (-1.5384513734342968,1.1581235816341158) (-1.7588030430920618,0.78402468989758889) (-1.8886914351970887,0.3754031451280983) (1.9133828420172265,-0.21690771916413709) (0.397344747134665,-1.8841974447184129) (-1.9214646499069878,0.12671407939421436) (-1.8432530175569963,-0.55722632029179509) (1.762926037767454,0.7747093933343342) (-0.68078749813876482,-1.8012804448882656)


# name: x0
# type: complex matrix
# rows: 1
# columns: 39
 (-1.5772208114392545,1.1047431243152441) (1.6388576664933883,-1.0110531181568811) (-1.426333806123238,1.2936980838931877) (-1.8169703246541147,-0.63773168188919971) (1.9092143394302159,0.25096506703713145) (-0.96696178841606628,1.6652530614000118) (0.20026190828213863,1.9151966026625318) (-0.094104998062900902,-1.9233374919910673) (1.4338978733332961,-1.2853092031138491) (1.7114535280910672,-0.88261525023282217) (1.8877428453933411,0.38014445731216467) (1.9135451252097773,0.21547137291251606) (0.29534351618393812,-1.9028544521867707) (0.9306996667078451,-1.6857879431140841) (-1.6030768604260017,1.066877424227179) (-0.94900220604913466,-1.6755529450521052) (-1.5452981510262196,-1.1489719244584937) (0.4781855604323263,1.8653207307465729) (1.8294908628778523,-0.60087106887031805) (0.54182815088502745,-1.8478379565501455) (0.7038154561097667,-1.7924080624957894) (-0.10392821245360728,-1.9228317101127455) (1.5138819836342681,1.190060586015049) (-0.26120664134892557,-1.9078401267596095) (0.49979333473993204,1.859647676660406) (-0.83970682359417614,-1.732909492491828) (1.6607515862760673,-0.97467277967553578) (1.2868965652315087,1.4324734165611073) (1.6024215407190887,-1.0678614444759991) (1.5634469776601507,1.1241514163155462) (-1.5384513734342968,1.1581235816341158) (-1.7588030430920618,0.78402468989758889) (-1.8886914351970887,0.3754031451280983) (1.9133828420172265,-0.21690771916413709) (0.397344747134665,-1.8841974447184129) (-1.9214646499069878,0.12671407939421436) (-1.8432530175569963,-0.55722632029179509) (1.762926037767454,0.7747093933343342) (-0.68078749813876482,-1.8012804448882656)


