# Created by Octave 5.2.0, Fri Sep 17 14:33:48 2021 UTC <root@0x00>
# name: F_norm
# type: scalar
1.1899046884347186e-13


# name: H
# type: complex matrix
# rows: 33
# columns: 33
 (1,0) (1,0) (1,2.7755575615628914e-17) (1,-6.9388939039072284e-18) (1,5.5511151231257827e-17) (1,0) (1,0) (1,0) (1,0) (1,0) (0.99999999999999989,0) (1,-5.5511151231257827e-17) (1.0000000000000002,0) (1,-1.1102230246251565e-16) (1,5.5511151231257827e-17) (1,-5.5511151231257827e-17) (1,0) (0.99999999999999989,0) (1,-5.5511151231257827e-17) (1,0) (1,0) (0.99999999999999989,5.5511151231257827e-17) (1,-5.5511151231257827e-17) (1,5.5511151231257827e-17) (1,2.7755575615628914e-17) (1,0) (0.99999999999999989,0) (1,0) (1,0) (1,0) (1,0) (1,1.3877787807814457e-17) (1,0)
 (1,0) (-0.35450966335040029,-0.93505235072223947) (-0.6241022072434832,0.78134271284361079) (0.59425676421885754,-0.80427538702867984) (-0.066315506118539813,0.99779870397201975) (-0.63502236982308524,0.77249374743377275) (0.9305399692028623,0.366190340828286) (0.11056977504862964,0.99386836394247691) (0.48321804343582098,-0.875500041403801) (-0.45506875434029975,0.89045630371353335) (-0.28085270675880547,-0.95975088283692278) (0.96902983811568433,-0.24694366329487144) (0.69449311621551901,-0.71949934783101621) (0.2114588861879024,-0.97738689343175267) (0.1202862644431304,0.99273924803359981) (-0.70622858443133252,0.70798388861055039) (0.76301199822926202,0.64638432109557631) (0.9819852204446613,-0.18895773820685768) (-0.69002865038699623,-0.72378205396728434) (-0.99973377575271849,-0.023073309671844233) (0.85249866655138662,0.52272939799489837) (-0.9037644262124378,0.42803021144879799) (-0.32237559437935431,0.94661184027486034) (-0.91168090779890065,-0.41089891987564814) (-0.15879527282951506,-0.98731153205409217) (-0.017735243379354559,-0.99984271820235582) (-0.96854266213635321,-0.24884756704019928) (-0.81284185076564019,-0.58248444240502151) (0.99368723042751816,0.11218595315496849) (-0.072050472392412745,-0.99740098728045701) (-0.4184886898784016,0.90822200834589972) (-0.24119114872612213,0.97047762971444862) (0.93429271418291771,-0.35650683615425532)
 (1,0) (0.0021367596188668347,-0.99999771712655994) (0.78000737274260024,0.62577032405443034) (-0.10386558418248137,0.99459134342826039) (0.48255063763971312,0.8758680734639811) (-0.43664704212625549,-0.89963290324575906) (-0.98974714347025738,0.14283064094397474) (-0.58804669915902963,0.80882697754721944) (0.72617340676012743,0.68751158776735577) (0.22748468002960071,0.97378165948626816) (0.85132357856942487,0.52464098636281631) (-0.16886798165680361,-0.98563867860953913) (0.77246690689666841,-0.63505501946641907) (-0.22358147034529738,-0.97468524463964001) (0.89737346590587885,0.44127186935954882) (-0.51644239710869055,-0.85632193155882042) (-0.96085532459632039,-0.2770506184705237) (0.63925911105857702,0.76899141017868278) (-0.55395138183302173,-0.83254901751505739) (0.36527378818058648,0.93090013410043249) (-0.59168318608942061,-0.80617058201045277) (-0.89054079036127987,-0.45490339711053751) (0.24784213854499348,-0.96880043061584331) (0.89844020803692859,-0.43909588085355777) (-0.58792874141750517,0.80891272397906377) (-0.98250687117327451,-0.18622633567060731) (-0.56322240725434169,0.82630534305825776) (0.32687769940522754,0.945066648248443) (-0.45472683600399744,-0.89063095871286324) (0.39386806179826517,-0.91916698694811594) (0.74903361734268348,0.66253199174872668) (-0.50630642702604345,-0.86235364088761324) (-0.24119114872612196,0.9704776297144484)
 (0.99999999999999989,0) (-0.82194279604984766,0.56957004838892089) (0.41916522658735322,-0.90790996955643821) (-0.48111787092733643,-0.87665591555315814) (0.073110303509227384,0.99732386090015313) (0.059085646853236716,0.99825291701849495) (-0.94906237899103851,0.31508824285249154) (-0.87867806671535631,0.4774147621024763) (0.77667843351836141,-0.62989730187345927) (0.55126797129453442,0.83432824704956965) (-0.68730288861737621,-0.72637093781222417) (0.059140803652764695,-0.99824965081051009) (-0.34706623629572358,0.93784061952099329) (-0.75272455385329973,0.65833558769547784) (-0.55607739405359191,-0.8311305143132246) (0.54233755864303723,0.84016068253942311) (-0.99652022927390305,0.083351260625660811) (0.15237460992018495,0.98832281075146289) (-0.99183706793673387,0.12751168835312171) (0.69121984761163158,-0.72264453382541594) (0.99772473042612375,-0.067419302103463571) (0.24909534469585806,-0.96847896686032919) (-0.84889312625208591,-0.52856452794522613) (0.90884103868897725,0.41714262116779827) (-0.65421245338522482,0.75631082620552548) (0.35897240511243111,-0.93334817317429675) (0.19397946379973377,-0.98100559000648235) (-0.55995137647119564,-0.82852547093496975) (0.8941942007724264,-0.44767927281141978) (0.70878298159588116,0.7054265978824813) (0.55887094467666942,-0.82925464556805883) (0.74903361734268348,0.66253199174872657) (-0.41848868987840143,0.9082220083458995)
 (1,0) (-0.70087683931676448,0.7132823116475987) (-0.9345580632550361,0.35581066089283486) (-0.59485580877053579,0.80383242455872062) (-0.76261478740920607,-0.64685290911057269) (-0.18206017453809825,0.98328739076994032) (0.9932808077689671,-0.1157291532753448) (-0.65006481030921126,0.75987876822401756) (0.91097103873255703,-0.41247032207242063) (0.80164631982061263,-0.59779860983283306) (-0.9636507724215484,-0.26716509654397819) (-0.13134077217257642,0.99133727941862038) (-0.38490957781744517,0.9229542875486284) (0.13531143729969636,-0.99080311613149996) (-0.29535971454309978,0.95538612038537496) (-0.23506202245075958,-0.97198037305357032) (0.95469553057811296,-0.29758434752885643) (0.6482846549921798,0.76139806021664569) (-0.9749018550975922,-0.22263506670620048) (-0.51118679804198652,-0.85946963733897064) (-0.6360371159632312,-0.77165846533111815) (0.80847909462285694,0.58852489629395) (0.14766145514416285,-0.98903796421811174) (0.52146577382168757,-0.85327219967168166) (-0.98707517950997181,0.16025788590692275) (0.26058108055495527,-0.96545196693404267) (0.98258939218253127,0.18579043670319711) (0.92671644767820638,0.37576139450811763) (-0.61083215496799859,0.79176011421209613) (-0.5668971576131997,0.8237885728086275) (0.70878298159588149,0.70542659788248163) (0.39386806179826522,-0.91916698694811616) (-0.072050472392412579,-0.99740098728045712)
 (1,-5.5511151231257827e-17) (0.9581647264813451,-0.2862173246449784) (0.99884460313237999,-0.048056828789653228) (-0.94118604903865011,-0.337888770300249) (0.70011848585839331,-0.71402668420679494) (0.10699024900387083,0.99426006991032756) (-0.80796513112130863,-0.58923030038527946) (-0.98806204979740087,0.15405643689946175) (-0.95918597966873731,0.28277598272647708) (-0.99288049486136498,-0.11911474687817059) (0.65748397791290314,-0.7534685254128568) (0.092903817014451939,-0.9956750879599956) (-0.82576063781493825,0.56402071684953736) (-0.62901862297359068,0.77739023144905017) (-0.087151800955628911,0.99619504294600358) (0.91523949871413834,-0.40291023813436611) (0.85890595012843551,0.51213335063630483) (0.40789655826619325,0.91302814729590587) (0.98454296072903169,0.17514325130850056) (-0.31428638914485341,0.94932821805647893) (0.99633878323693537,0.085492859455885861) (-0.48926377249662317,0.87213586150460098) (-0.51517540525526151,-0.85708476933152622) (-0.79984692382577993,-0.60020404734259902) (0.44503246355459258,-0.89551443672479669) (-0.9943262446463752,0.10637348921341311) (-0.83248016308282513,-0.5540548511416471) (0.77122992250712907,-0.63655667982485942) (-0.53942477208440853,0.84203379698304437) (-0.61083215496799825,0.79176011421209591) (0.8941942007724264,-0.44767927281141984) (-0.45472683600399744,-0.89063095871286313) (0.99368723042751783,0.11218595315496843)
 (1,0) (-0.45717146475001924,-0.88937857620831062) (-0.26796743119217181,0.96342797126732271) (0.45808819151118796,-0.88890674921389179) (0.29419623125022842,-0.95574503792494858) (0.21785685784222275,0.97598073213107717) (-0.1546702031537851,0.98796615744486249) (0.3957523388155576,-0.91835727596726557) (-0.23501269174753142,0.97199230177896956) (0.073274095670067763,-0.99731184035071707) (0.27415107556978491,0.96168663698937318) (0.34808449333671021,-0.93746316487557313) (-0.7328258242970378,-0.68041627790887471) (0.47819831217269837,0.87825188541510268) (-0.9016228486226443,-0.43252310787007464) (-0.72552672890075565,-0.68819398838595558) (0.98460107035146538,0.17481628145784367) (0.9724809225730191,0.23298252130048208) (0.27317882500112839,-0.96196326830654177) (-0.99624356190880947,-0.086595411860257099) (-0.68698491872582013,0.72667167375870578) (-0.89195862431192352,0.45211703409137471) (-0.74713126904426641,-0.66467651291158447) (0.22816744528340571,0.9736219065493773) (-0.3633519625064231,0.93165194753337466) (-0.94570101795283146,-0.32503782032707912) (0.99947216629380553,0.0324867481285398) (0.45663567908900971,0.88965378467295864) (0.77122992250712918,-0.63655667982485953) (0.92671644767820638,0.37576139450811752) (-0.55995137647119586,-0.82852547093496987) (0.32687769940522765,0.94506664824844311) (-0.81284185076564008,-0.58248444240502151)
 (1,-5.5511151231257827e-17) (0.83281373800199154,0.55355331973997768) (-0.91202070831368942,0.41014415466637655) (-0.95942455907715674,-0.2819654507907009) (-0.99683562983326368,0.079490421403586975) (-0.93417013668696347,-0.35682790771219097) (-0.44975250214448237,-0.89315322695200372) (0.83794770343105773,-0.54575053487341263) (0.95840621389706038,0.28540765435338677) (0.99613935146189347,0.087786060790297327) (0.67256681672012897,-0.74003640251473635) (-0.91236058666994668,-0.40938754242315611) (0.87688149230115586,0.4807066137049687) (0.3331250911227201,-0.94288264045133385) (0.32388610422495506,-0.94609607941793161) (-0.57259238908332288,0.81984020148066183) (0.66742470319750613,0.74467728954341061) (-0.80438109241585753,0.5941136744461214) (0.91201364943986729,0.41015985083303208) (-0.31647434314888373,-0.94860107006501027) (0.9998879273166601,0.014971065639893921) (0.3019736258781977,0.95331627976971745) (0.69086242011763654,0.72298624915637388) (-0.86345406981038708,-0.5044274668650397) (-0.53063460383616035,0.84760068263990929) (-0.96439379257561531,0.26447043850234048) (-0.9992302133176526,0.039229845693795007) (0.99947216629380575,0.032486748128539744) (-0.83248016308282546,-0.55405485114164721) (0.98258939218253127,0.18579043670319706) (0.1939794637997338,-0.98100559000648269) (-0.56322240725434181,0.82630534305825787) (-0.96854266213635332,-0.24884756704019928)
 (1,0) (0.57604323562690696,0.81741922578838522) (0.84636167824867881,-0.53260858948394696) (-0.037752127290533899,-0.99928713435380434) (-0.10054587947723392,0.99493242289119754) (-0.34943956488442757,0.93695890544536753) (0.88313562482586061,0.46911775511425252) (-0.67577940659802371,0.73710392321437446) (0.31878571264257166,0.94782681404092317) (0.48851841984908545,-0.87255358200408062) (0.43341023292873981,0.90119674322128707) (-0.2344538015887882,0.97212726271850092) (0.80638142117405032,-0.59139580957707061) (-0.44666782234653307,0.89469986949826086) (-0.99947346702478179,0.032446705741288162) (-0.65054014446122077,-0.75947186942267497) (0.87284899805859684,-0.48799039599986249) (-0.92165947813888793,-0.38799975045965263) (-0.99692940224421944,0.078305599678329896) (0.98119957529615509,0.19299583787906821) (0.023449076842803618,0.99972503259407308) (0.77830743680782677,-0.62788337596215271) (0.9736630968263349,-0.22799160922838874) (0.55696878698454166,0.83053342517021511) (0.11748626028224241,-0.99307450810344178) (-0.95820877827968032,-0.2860698118078191) (-0.96439379257561519,0.26447043850234042) (-0.94570101795283135,-0.32503782032707923) (-0.9943262446463752,0.10637348921341294) (0.26058108055495532,-0.96545196693404245) (0.35897240511243123,-0.93334817317429686) (-0.98250687117327451,-0.18622633567060742) (-0.017735243379354504,-0.99984271820235548)
 (1,2.7755575615628914e-17) (0.94119259916747866,-0.33787052442076959) (0.077759732141251037,-0.99697212802430979) (0.99573436935226045,0.092266276020305821) (-0.046322699192186123,0.99892652759827594) (0.72186238214913023,-0.69203663287284345) (-0.73194733270977552,-0.68136121267580585) (-0.92290750562248991,-0.38502173453673122) (-0.95333148033533233,0.30192563422412988) (0.16497978498201057,-0.98629694846293059) (0.24104715321038458,-0.97051340533202768) (-0.7775335712716922,0.62884143116169433) (-0.85320938863816476,0.52156853733683872) (0.92028611923266879,-0.3912460335232476) (0.35245714461242594,-0.93582795492101789) (0.71829987294257713,0.69573363619324624) (0.99992463957298516,0.012276610885524258) (0.63046366079042293,0.77621876582748162) (-0.94096307410274094,0.33850922169878916) (0.037565475090621914,0.99929416844151298) (-0.69036981996157321,0.72345664119297759) (0.90130346489200208,-0.43318825488887763) (-0.94511284676654861,0.32674409998778703) (0.20959579338340789,-0.97778811784352382) (0.66870501672884219,0.74352780755105508) (0.11748626028224224,-0.993074508103442) (-0.53063460383616035,0.84760068263990929) (-0.36335196250642315,0.93165194753337466) (0.44503246355459269,-0.8955144367247968) (-0.98707517950997181,0.16025788590692275) (-0.65421245338522493,0.75631082620552559) (-0.58792874141750529,0.80891272397906389) (-0.15879527282951506,-0.98731153205409217)
 (0.99999999999999989,0) (0.97948242765478188,-0.20152958570764695) (-0.88289751770548408,-0.46956572833789267) (0.76667736704294542,-0.64203256526760122) (-0.94979001790375228,-0.31288803411186883) (0.77948739117105381,-0.62641791721289786) (0.22790411981996606,0.97368357907951142) (0.697928971663621,0.7161669850757999) (-0.48971946753238338,-0.87188006234791193) (0.94758434127963986,0.31950573729063303) (0.040514286305500413,-0.99917895924862032) (0.98825879693099461,0.15278923485803569) (-0.96962013494417154,-0.24461560438951299) (-0.98452555221745253,0.17524108260028909) (-0.93480273638298028,0.35516734654370047) (-0.96457372246855955,0.26381344530396089) (-0.99814306763447314,-0.060913188500058668) (0.018352382781791687,0.99983158084060919) (0.95921407384337443,0.2826806688487894) (0.16206844735463016,0.98677951862209823) (-0.78261207262293253,-0.62250971380761499) (0.88738327679719198,0.46103245011677685) (-0.99921280634989806,-0.039670740179145791) (-0.24745593164728433,0.96889914949522793) (0.20959579338340772,-0.97778811784352371) (0.55696878698454189,0.830533425170215) (-0.86345406981038686,-0.50442746686503948) (0.22816744528340566,0.97362190654937719) (-0.79984692382578015,-0.60020404734259913) (0.52146577382168735,-0.85327219967168144) (0.90884103868897737,0.41714262116779816) (0.89844020803692848,-0.43909588085355783) (-0.91168090779890054,-0.41089891987564792)
 (1,0) (0.70741169264572801,0.70680173818978698) (0.047604824463198692,-0.99886624764671461) (0.64551715801462239,-0.76374576837369368) (-0.86951628489620825,-0.49390427240538703) (-0.5503888075362765,0.83490847434841309) (-0.74818274575488086,0.66349271205845683) (0.72196329438993578,-0.69193135609945455) (-0.77021715138792501,0.63778173359533352) (-0.89482450857719087,0.44641807630245806) (0.37362545379990836,0.9275796571038043) (0.59111413153463854,0.80658792670114354) (-0.47737538905529125,0.87869945824741946) (0.036742473851443469,-0.99932476733806352) (0.65951150445731255,0.7516944695076927) (0.0023759474861336227,0.99999717743278749) (0.99992283863857834,0.012422430074915947) (0.85116812404541198,-0.52489315542214277) (-0.35925962439978121,0.93323765583913709) (0.9935343908152191,-0.11353155626269945) (-0.036168944334929509,-0.99934568967184556) (-0.98127823385037383,0.1925955029887505) (0.37459179306501322,-0.92718983415929246) (-0.99921280634989817,-0.039670740179146069) (-0.94511284676654861,0.32674409998778703) (0.97366309682633501,-0.22799160922838863) (0.69086242011763632,0.72298624915637377) (-0.74713126904426641,-0.66467651291158458) (-0.51517540525526129,-0.85708476933152644) (0.14766145514416279,-0.98903796421811174) (-0.84889312625208591,-0.52856452794522635) (0.24784213854499373,-0.96880043061584342) (-0.32237559437935437,0.94661184027486034)
 (1,-5.5511151231257827e-17) (-0.77084636303470333,0.63702110215923835) (0.42601681458450308,0.90471524453347885) (-0.34827105708312178,0.93739387175199973) (0.4257824280675313,-0.90482557653335438) (-0.6399418749692648,-0.76842331866024305) (0.80831989784765823,0.5887435288336943) (-0.39519910944740272,0.91859548436293736) (-0.83201173646275373,0.55475802868298607) (-0.85387888986803573,0.52047174893334036) (0.475135029058395,-0.87991289578098431) (0.57296491213853873,-0.8195798981539727) (-0.19176701490394898,-0.98144047807028434) (0.37323606922713554,-0.92773640471196162) (-0.40050277471186269,-0.91629554590650386) (0.26118511952361306,0.96528873055652908) (0.93152145054214885,0.36368638574993489) (-0.48460880995387001,-0.87473098797006954) (0.071498826629409373,0.99744068384572004) (-0.99805924822561609,-0.062271478473836239) (0.10782456444052269,-0.99416993683334232) (0.6918653701398283,-0.72202652970737724) (-0.98127823385037383,0.19259550298875078) (0.88738327679719209,0.46103245011677679) (0.90130346489200186,-0.43318825488887769) (0.77830743680782655,-0.62788337596215316) (0.3019736258781977,0.95331627976971745) (-0.89195862431192352,0.45211703409137488) (-0.48926377249662312,0.87213586150460132) (0.80847909462285705,0.58852489629394977) (0.24909534469585792,-0.96847896686032942) (-0.89054079036128009,-0.45490339711053746) (-0.90376442621243758,0.42803021144879816)
 (0.99999999999999989,0) (-0.079837432910696948,0.99680789739359021) (-0.41292786406916016,0.91076373394820798) (-0.80295021202152994,-0.59604610309486883) (0.64909484847209831,0.76070748496842322) (-0.00062029968386606571,-0.99999980761413287) (-0.12249275529078404,0.99246940753923096) (0.81977574622171046,-0.57268466533218587) (-0.21615335511924127,-0.9763594251456249) (-0.32090931471375328,0.94710992589558951) (-0.37997908402904823,-0.92499507874390619) (-0.63491974023389697,0.77257810185205245) (-0.24677396916169395,0.96907306646309344) (0.89497676527964531,0.446112754367752) (-0.76211122222582417,-0.64744612513896482) (-0.68630228470265964,-0.72731641945710845) (0.77131108195207965,-0.63645833709514099) (-0.81129433662296468,-0.58463792159207784) (0.67845968706362925,-0.73463763382331737) (-0.38372578846340072,0.92344708525618346) (0.49351183914283281,0.8697390784746073) (0.10782456444052292,-0.9941699368333422) (-0.03616894433492962,-0.99934568967184545) (-0.78261207262293242,-0.62250971380761499) (-0.69036981996157298,0.72345664119297759) (0.023449076842803701,0.99972503259407297) (0.99988792731665987,0.01497106563989388) (-0.68698491872582035,0.72667167375870578) (0.99633878323693548,0.085492859455886042) (-0.63603711596323098,-0.77165846533111793) (0.99772473042612386,-0.067419302103463488) (-0.59168318608942061,-0.80617058201045277) (0.85249866655138629,0.52272939799489837)
 (1.0000000000000002,0) (-0.79099836767254728,-0.61181825923991928) (-0.97929342843314249,-0.20244599533619231) (0.87178687372199981,0.48988534046858545) (0.15426409437660105,-0.98802964995295817) (-0.84276011237319215,0.53828932089790182) (-0.17485459780329224,-0.98459426650120652) (-0.85871237171884263,0.5124578642747124) (-0.60955553463832024,-0.79274336969273396) (0.95666451639341843,-0.2911923815516918) (0.87369844208286207,-0.48646791497690689) (-0.92812648981333479,-0.3722649847981635) (0.617236956553748,0.78677731249970939) (0.99616275052387115,-0.087520137503975637) (0.20670937153140445,0.97840238947024794) (0.80657563774183239,-0.59113089971795163) (-0.56761496530900046,-0.82329414619397168) (0.14028418607336632,-0.99011128017901773) (0.63433222910214326,0.7730605559219188) (-0.21695081000215055,0.97618253725387316) (-0.38372578846340066,0.92344708525618358) (-0.99805924822561587,-0.062271478473836434) (0.9935343908152191,-0.11353155626269952) (0.16206844735463002,0.98677951862209823) (0.037565475090621886,0.99929416844151275) (0.9811995752961552,0.19299583787906827) (-0.31647434314888356,-0.94860107006501015) (-0.99624356190880947,-0.086595411860257265) (-0.31428638914485363,0.94932821805647893) (-0.51118679804198652,-0.85946963733897053) (0.69121984761163169,-0.72264453382541616) (0.36527378818058642,0.9309001341004326) (-0.99973377575271827,-0.023073309671844289)
 (1,0) (0.3759900367297212,0.9266237058698551) (-0.96599487382540961,0.25856121855961178) (0.72917859348893721,-0.68432344603812567) (0.52715327515198496,-0.84977021864533253) (-0.68233473961641433,-0.73103987792226466) (0.97664031653776673,-0.2148806462039142) (-0.95244644696276382,0.30470603155830023) (-0.056762789300610794,-0.99838769310865128) (-0.97883120152881586,0.20466919385597498) (0.56730602808813624,0.8235070555222116) (-0.71046130816872477,0.70373626423198121) (0.90273618955762225,-0.4301945746554513) (-0.8891856827876008,0.45754652389188555) (-0.22922932180048203,-0.97337244568915693) (0.85102030861067968,0.52513277781165291) (-0.99888153527591894,-0.047282961887159358) (0.72894667654905587,0.68457048048253333) (0.79978727874534128,-0.60028352364288928) (0.63433222910214326,0.77306055592191891) (0.67845968706362925,-0.73463763382331759) (0.071498826629409151,0.99744068384572004) (-0.35925962439978115,0.93323765583913709) (0.95921407384337443,0.28268066884878962) (-0.94096307410274083,0.33850922169878916) (-0.99692940224421966,0.078305599678330007) (0.91201364943986729,0.41015985083303208) (0.27317882500112844,-0.96196326830654166) (0.9845429607290318,0.17514325130850067) (-0.97490185509759208,-0.22263506670620037) (-0.9918370679367341,0.12751168835312174) (-0.55395138183302173,-0.8325490175150575) (-0.69002865038699601,-0.72378205396728412)
 (1.0000000000000002,0) (0.92139593552350485,0.38862517931905194) (0.86744592642881735,-0.49753147108705825) (-0.42091966806270087,-0.90709791810916729) (-0.997247154122338,-0.07414926563964136) (-0.90728390756357225,-0.42051862155697284) (0.92661478870266467,0.37601201225162473) (-0.90722257355536073,-0.42065092657878334) (-0.57660790656334837,-0.81702100468019401) (-0.92352994964774426,0.3835263121399039) (-0.96357848208385766,-0.26742570718793846) (-0.99584168936771433,0.091100657062708729) (-0.73264177816307174,-0.68061444657754111) (0.86286384131735139,0.50543643650518999) (0.98630043075374263,0.16495896548833455) (-0.96731007553261605,0.2535965649867607) (-0.90199003713057713,-0.43175684466743536) (0.57999990870353746,-0.81461653917894972) (0.72894667654905609,0.68457048048253344) (0.14028418607336623,-0.99011128017901795) (-0.81129433662296491,-0.58463792159207784) (-0.48460880995386985,-0.87473098797006976) (0.85116812404541209,-0.52489315542214299) (0.018352382781791535,0.99983158084060941) (0.63046366079042304,0.77621876582748184) (-0.92165947813888816,-0.38799975045965279) (-0.80438109241585753,0.59411367444612151) (0.97248092257301932,0.23298252130048208) (0.40789655826619325,0.9130281472959062) (0.64828465499217991,0.76139806021664569) (0.15237460992018503,0.98832281075146333) (0.63925911105857725,0.768991410178683) (0.9819852204446613,-0.18895773820685766)
 (1,-5.5511151231257827e-17) (-0.17143787261742544,-0.9851949329104418) (-0.95307063045230167,0.30274803611130319) (0.30095238399457913,-0.95363916790785097) (0.98420083311389672,-0.17705569772788998) (0.81478340978288122,-0.57976546563466569) (-0.54111895523948683,-0.84094606026815177) (-0.44823779496937732,0.89391435784474826) (-0.90380970591115706,0.42793459254982746) (0.99884921489845535,0.04796087881532457) (0.46903108596267984,0.8831816576450553) (-0.97775990171977478,-0.20972738159080584) (-0.76212478370499226,0.64743016153297761) (-0.91348512404262405,0.40687212752022084) (-0.56415551834256683,0.82566854798013711) (-0.90862265415489363,0.4176180939046033) (-0.80415708862686863,-0.59441683759055541) (-0.90199003713057679,-0.43175684466743525) (-0.99888153527591894,-0.047282961887159303) (-0.56761496530900035,-0.82329414619397157) (0.77131108195207954,-0.6364583370951411) (0.93152145054214874,0.36368638574993495) (0.99992283863857823,0.012422430074915836) (-0.99814306763447291,-0.060913188500058724) (0.99992463957298505,0.012276610885524286) (0.87284899805859684,-0.48799039599986255) (0.66742470319750591,0.74467728954341039) (0.98460107035146516,0.17481628145784367) (0.85890595012843551,0.51213335063630483) (0.95469553057811263,-0.29758434752885626) (-0.99652022927390305,0.083351260625660839) (-0.96085532459632039,-0.27705061847052381) (0.7630119982292618,0.64638432109557609)
 (1,0) (-0.87489830553498893,-0.48430667450697462) (0.97983882366115704,-0.19978958843322858) (0.36540666253559817,0.93084798489044041) (0.94578904652010387,-0.32478158735154883) (0.19160067093017635,0.98147296595428712) (0.58463575051371874,-0.8112959011490567) (0.18433644614118275,-0.98286320239595837) (0.96475554201211522,0.26314776107143251) (-0.62301639780862239,-0.78220877523942878) (-0.80728633048364751,-0.5901599618868143) (0.9915305192182311,0.12987389829686299) (-0.27267771528022716,0.96210543267853654) (0.92983951635468987,0.36796531606290717) (-0.94657424860798589,-0.32248595608526176) (-0.77711292053870151,-0.62936119099592391) (-0.90862265415489363,0.41761809390460347) (-0.96731007553261561,0.2535965649867607) (0.85102030861067979,0.5251327778116528) (0.80657563774183227,-0.59113089971795163) (-0.68630228470265964,-0.72731641945710845) (0.26118511952361301,0.96528873055652897) (0.0023759474861337337,0.99999717743278727) (-0.96457372246855955,0.26381344530396078) (0.71829987294257702,0.69573363619324613) (-0.65054014446122077,-0.75947186942267497) (-0.57259238908332288,0.81984020148066161) (-0.72552672890075554,-0.68819398838595569) (0.91523949871413834,-0.40291023813436599) (-0.23506202245075969,-0.97198037305356988) (0.54233755864303723,0.84016068253942322) (-0.51644239710869044,-0.85632193155882042) (-0.70622858443133241,0.70798388861055028)
 (1.0000000000000002,0) (-0.41163714160358594,0.91134782802859082) (-0.92284429262389445,-0.38517322281215838) (-0.9397291864295767,0.34191966333102952) (0.88748671153902248,0.46083330700118758) (0.9102535614195465,-0.41405126967929035) (0.82418311819032397,-0.56632339496975959) (-0.26723476328647,-0.96363145511716486) (0.094293323592549716,0.99554445863852359) (0.99896850579790764,-0.0454084179849326) (0.98547693793412283,-0.16980931894329324) (0.39165073649504273,0.92011396066079276) (-0.99353176618376027,-0.11355452251573886) (-0.29065803845561405,-0.95682699830279372) (0.86385905495698456,-0.50373359344878399) (-0.94657424860798611,-0.32248595608526187) (-0.56415551834256694,0.82566854798013756) (0.98630043075374252,0.1649589654883345) (-0.22922932180048206,-0.97337244568915704) (0.20670937153140451,0.97840238947024794) (-0.76211122222582439,-0.64744612513896493) (-0.40050277471186257,-0.91629554590650397) (0.65951150445731266,0.75169446950769281) (-0.93480273638298061,0.35516734654370058) (0.35245714461242594,-0.93582795492101789) (-0.9994734670247819,0.032446705741288273) (0.32388610422495512,-0.94609607941793172) (-0.90162284862264441,-0.43252310787007459) (-0.08715180095562898,0.99619504294600381) (-0.29535971454309973,0.95538612038537507) (-0.55607739405359202,-0.83113051431322504) (0.89737346590587908,0.44127186935954887) (0.1202862644431304,0.99273924803359992)
 (1,-5.5511151231257827e-17) (-0.97090581064145742,0.23946170228797498) (-0.93868972994811961,0.34476309386291254) (0.40637331534798332,0.91370713501268486) (-0.9869040145897956,0.16130860481246367) (0.27947443781371911,0.96015313289532367) (0.068535857803152411,-0.99764865368284172) (0.82968332530283839,-0.55823434121739957) (-0.34701140892967042,0.93786090763643892) (-0.47819122298950267,0.87825574535883577) (-0.97812914427226616,0.20799850269942549) (-0.29512171344765847,-0.95545966647039504) (0.46697646684249883,-0.88426974358240751) (0.90155524616046689,0.43266400141511607) (-0.29065803845561394,-0.95682699830279372) (0.92983951635468998,0.36796531606290728) (-0.91348512404262416,0.40687212752022095) (0.86286384131735105,0.50543643650518999) (-0.8891856827876008,0.45754652389188566) (0.99616275052387127,-0.087520137503975637) (0.89497676527964543,0.44611275436775194) (0.37323606922713559,-0.9277364047119615) (0.036742473851443413,-0.99932476733806341) (-0.98452555221745264,0.17524108260028887) (0.92028611923266879,-0.39124603352324749) (-0.44666782234653313,0.89469986949826119) (0.33312509112272015,-0.94288264045133396) (0.47819831217269831,0.87825188541510257) (-0.62901862297359079,0.77739023144905017) (0.13531143729969625,-0.99080311613149985) (-0.75272455385329995,0.65833558769547806) (-0.2235814703452973,-0.97468524463964012) (0.21145888618790243,-0.97738689343175267)
 (1,0) (0.83894369371354305,-0.54421822716468859) (0.97609276019539504,0.21735437307341143) (-0.99746012390163274,-0.071227110190851151) (-0.53557162818753468,-0.84448980519634054) (0.95142838389724582,0.30787015171119514) (-0.99263977815215143,0.12110437989621547) (0.25251059233301126,0.96759413018043472) (0.9550414232327421,-0.29647239316600443) (0.57594910574830604,-0.81748555191374872) (-0.00084422483176094243,0.99999964364215344) (-0.6226467503156059,-0.78250305067866321) (0.25230821298764694,-0.9676469220015016) (0.46697646684249872,-0.8842697435824074) (-0.99353176618376005,-0.113554522515739) (-0.27267771528022711,0.96210543267853665) (-0.76212478370499237,0.64743016153297772) (-0.73264177816307174,-0.680614446577541) (0.90273618955762225,-0.4301945746554513) (0.617236956553748,0.78677731249970939) (-0.24677396916169392,0.96907306646309355) (-0.19176701490394882,-0.98144047807028412) (-0.47737538905529109,0.87869945824741946) (-0.96962013494417154,-0.24461560438951307) (-0.85320938863816453,0.52156853733683872) (0.80638142117405032,-0.59139580957707072) (0.87688149230115575,0.48070661370496859) (-0.7328258242970378,-0.68041627790887471) (-0.82576063781493836,0.56402071684953747) (-0.384909577817445,0.92295428754862829) (-0.3470662362957237,0.93784061952099362) (0.77246690689666853,-0.63505501946641907) (0.6944931162155189,-0.71949934783101599)
 (1,-5.5511151231257827e-17) (0.4265650357037758,-0.90445689245814076) (-0.78432429666718206,0.62035102777180173) (0.99615425386731382,0.087616793493345113) (0.80799010618734624,-0.58919605251848139) (0.6010883024822109,0.79918261531333046) (0.079765024463504031,0.99681369416372689) (0.54037478507018799,-0.84142444203882483) (0.49571903599544986,0.86848295167593359) (-0.82744014200920502,0.56155392563117768) (-0.42470222354864789,-0.90533309964500597) (-0.52643362355529344,0.85021623131439017) (-0.6226467503156059,-0.7825030506786631) (-0.29512171344765853,-0.95545966647039493) (0.39165073649504267,0.92011396066079265) (0.99153051921823121,0.12987389829686297) (-0.97775990171977489,-0.20972738159080578) (-0.99584168936771422,0.091100657062708867) (-0.71046130816872455,0.70373626423198132) (-0.9281264898133349,-0.37226498479816339) (-0.63491974023389708,0.77257810185205267) (0.57296491213853884,-0.81957989815397259) (0.59111413153463865,0.80658792670114332) (0.98825879693099472,0.15278923485803581) (-0.77753357127169198,0.62884143116169433) (-0.23445380158878806,0.97212726271850092) (-0.91236058666994657,-0.409387542423156) (0.34808449333671021,-0.93746316487557291) (0.092903817014451884,-0.99567508795999571) (-0.13134077217257628,0.99133727941862015) (0.059140803652764695,-0.9982496508105102) (-0.16886798165680372,-0.98563867860953902) (0.96902983811568422,-0.24694366329487144)
 (1,-5.5511151231257827e-17) (-0.11262518882705341,-0.99363754299124107) (0.20513129725517976,0.97873446393105401) (-0.21498455262777677,0.97661744922535265) (-0.39274860537961387,0.91964587367767181) (-0.30267585966945826,0.95309355468041812) (0.020424122274010137,0.9997914058589108) (-0.99826714467781219,-0.058844777651100355) (-0.24358670288408124,-0.96987912555022116) (-0.97940324494746911,-0.20191405049269867) (0.59029163838806231,0.80719005299194357) (-0.42470222354864801,-0.90533309964500608) (-0.00084422483176088692,0.99999964364215344) (-0.97812914427226638,0.2079985026994256) (0.98547693793412261,-0.16980931894329324) (-0.80728633048364762,-0.5901599618868143) (0.46903108596268012,0.88318165764505552) (-0.96357848208385766,-0.26742570718793834) (0.56730602808813635,0.82350705552221171) (0.87369844208286207,-0.486467914976907) (-0.3799790840290484,-0.9249950787439063) (0.47513502905839511,-0.87991289578098431) (0.37362545379990847,0.92757965710380452) (0.040514286305500524,-0.99917895924862055) (0.24104715321038456,-0.97051340533202768) (0.43341023292873998,0.90119674322128718) (0.67256681672012897,-0.74003640251473635) (0.27415107556978496,0.96168663698937307) (0.65748397791290314,-0.7534685254128568) (-0.9636507724215484,-0.26716509654397796) (-0.68730288861737643,-0.72637093781222439) (0.85132357856942487,0.52464098636281631) (-0.28085270675880558,-0.95975088283692289)
 (1,0) (0.99698231762852163,-0.077628978713242036) (-0.74850170602653998,0.66313286457191856) (-0.65518375827175523,0.75546955127053106) (0.53771337503513894,-0.84312770462624387) (0.98115256015843699,-0.19323471141216941) (-0.56769500372974613,-0.82323895846848971) (0.15285896818110628,-0.98824801332793366) (-0.66156844087913169,-0.74988478983958151) (-0.48911049802955908,0.87222182999353737) (-0.97940324494746878,-0.20191405049269862) (-0.82744014200920502,0.56155392563117745) (0.57594910574830593,-0.8174855519137485) (-0.47819122298950267,0.87825574535883566) (0.99896850579790741,-0.045408417984932614) (-0.62301639780862228,-0.78220877523942867) (0.99884921489845535,0.047960878815324626) (-0.92352994964774404,0.38352631213990368) (-0.97883120152881575,0.20466919385597493) (0.95666451639341821,-0.2911923815516918) (-0.32090931471375328,0.9471099258955894) (-0.85387888986803573,0.52047174893334014) (-0.89482450857719076,0.44641807630245811) (0.94758434127963964,0.3195057372906332) (0.16497978498201057,-0.98629694846293037) (0.48851841984908539,-0.87255358200408062) (0.99613935146189314,0.087786060790297382) (0.073274095670067818,-0.99731184035071685) (-0.99288049486136498,-0.11911474687817072) (0.80164631982061252,-0.59779860983283284) (0.55126797129453442,0.83432824704956976) (0.22748468002960054,0.97378165948626805) (-0.4550687543402997,0.89045630371353302)
 (0.99999999999999989,5.5511151231257827e-17) (-0.67129698910030999,0.74118847294386447) (0.99234342792226049,0.12350919423061943) (0.84666776404355826,-0.53212188202467336) (-0.30347793001788814,0.95283846794304916) (0.70562920676812169,-0.70858127448853081) (-0.28786400372394855,-0.9576712981811758) (-0.92723070590327095,-0.37449061140450796) (-0.18427859244765404,0.98287405112023951) (-0.66156844087913158,-0.74988478983958162) (-0.24358670288408091,-0.96987912555022082) (0.49571903599544964,0.86848295167593359) (0.95504142323274199,-0.29647239316600416) (-0.34701140892967042,0.93786090763643859) (0.094293323592549605,0.99554445863852337) (0.964755542012115,0.26314776107143267) (-0.90380970591115717,0.42793459254982735) (-0.57660790656334793,-0.81702100468019367) (-0.056762789300610739,-0.99838769310865105) (-0.60955553463832013,-0.79274336969273385) (-0.21615335511924122,-0.97635942514562468) (-0.83201173646275361,0.55475802868298585) (-0.7702171513879249,0.6377817335953333) (-0.48971946753238316,-0.87188006234791215) (-0.9533314803353321,0.30192563422412971) (0.31878571264257161,0.94782681404092317) (0.95840621389705993,0.28540765435338683) (-0.23501269174753153,0.97199230177896923) (-0.9591859796687372,0.28277598272647692) (0.91097103873255691,-0.41247032207242035) (0.77667843351836152,-0.62989730187345905) (0.72617340676012732,0.68751158776735588) (0.48321804343582103,-0.87550004140380067)
 (1,-5.5511151231257827e-17) (0.64733290586877001,-0.76220739236738844) (0.7868033922240627,-0.61720371190127188) (0.96745108197278218,0.2530581039794863) (-0.54108698805314459,0.84096662915931175) (0.47243494110827888,-0.88136554642215126) (0.79372011041071622,0.60828314651122828) (0.7877320585925085,0.61601802235454872) (-0.92723070590327095,-0.3744906114045079) (0.15285896818110631,-0.98824801332793377) (-0.99826714467781197,-0.058844777651100438) (0.5403747850701881,-0.84142444203882483) (0.25251059233301132,0.96759413018043472) (0.82968332530283839,-0.55823434121739945) (-0.26723476328646983,-0.96363145511716475) (0.18433644614118286,-0.98286320239595848) (-0.44823779496937749,0.89391435784474826) (-0.9072225735553604,-0.42065092657878339) (-0.95244644696276359,0.30470603155830017) (-0.85871237171884252,0.51245786427471229) (0.81977574622171046,-0.57268466533218598) (-0.39519910944740294,0.91859548436293714) (0.72196329438993567,-0.69193135609945455) (0.69792897166362089,0.71616698507580012) (-0.92290750562248958,-0.38502173453673122) (-0.6757794065980236,0.73710392321437435) (0.83794770343105773,-0.54575053487341241) (0.39575233881555766,-0.91835727596726546) (-0.98806204979740109,0.15405643689946158) (-0.65006481030921104,0.75987876822401723) (-0.87867806671535642,0.4774147621024763) (-0.58804669915902963,0.80882697754721933) (0.11056977504862958,0.9938683639424768)
 (0.99999999999999989,5.5511151231257827e-17) (-0.96851700374209793,0.24894741103781004) (0.99664496023086446,-0.081846339236514298) (-0.99664366594876075,-0.081862098215316537) (0.90771084885925535,0.41959625220348301) (-0.9800201800472903,0.19889808118751617) (-0.55888193642820372,-0.8292472376404163) (0.79372011041071611,0.60828314651122806) (-0.2878640037239486,-0.95767129818117569) (-0.56769500372974624,-0.82323895846848949) (0.020424122274010026,0.99979140585891013) (0.079765024463503864,0.99681369416372667) (-0.99263977815215121,0.12110437989621536) (0.068535857803152467,-0.99764865368284128) (0.82418311819032364,-0.56632339496975925) (0.58463575051371874,-0.81129590114905648) (-0.54111895523948672,-0.84094606026815177) (0.92661478870266412,0.37601201225162467) (0.97664031653776617,-0.21488064620391417) (-0.17485459780329221,-0.98459426650120618) (-0.12249275529078413,0.99246940753923074) (0.80831989784765779,0.58874352883369419) (-0.74818274575488064,0.66349271205845683) (0.22790411981996583,0.97368357907951131) (-0.7319473327097753,-0.68136121267580552) (0.88313562482586039,0.46911775511425241) (-0.44975250214448204,-0.89315322695200328) (-0.15467020315378499,0.98796615744486216) (-0.8079651311213083,-0.58923030038527946) (0.99328080776896654,-0.11572915327534478) (-0.94906237899103851,0.31508824285249137) (-0.98974714347025716,0.14283064094397463) (0.93053996920286208,0.366190340828286)
 (1,0) (-0.67229255021946532,-0.74028557119493255) (0.047459158982695926,-0.99887317925182839) (0.17852932154880863,-0.98393459200666467) (-0.22465956793474484,-0.97443731380493293) (-0.67879929423926155,0.73432385099510444) (-0.98002018004729052,0.19889808118751628) (0.47243494110827883,-0.88136554642215115) (0.7056292067681218,-0.70858127448853103) (0.98115256015843721,-0.19323471141216936) (-0.3026758596694582,0.95309355468041801) (0.60108830248221101,0.79918261531333046) (0.95142838389724571,0.30787015171119531) (0.27947443781371922,0.96015313289532356) (0.91025356141954616,-0.41405126967929023) (0.19160067093017619,0.98147296595428701) (0.81478340978288133,-0.5797654656346658) (-0.90728390756357191,-0.42051862155697284) (-0.68233473961641411,-0.73103987792226455) (-0.84276011237319215,0.53828932089790182) (-0.00062029968386606571,-0.99999980761413276) (-0.63994187496926458,-0.76842331866024305) (-0.55038880753627639,0.83490847434841298) (0.77948739117105381,-0.62641791721289786) (0.72186238214913023,-0.69203663287284334) (-0.34943956488442757,0.93695890544536753) (-0.93417013668696303,-0.35682790771219097) (0.21785685784222253,0.97598073213107717) (0.10699024900387066,0.99426006991032745) (-0.1820601745380982,0.98328739076994021) (0.059085646853236695,0.99825291701849506) (-0.43664704212625538,-0.89963290324575895) (-0.63502236982308524,0.77249374743377264)
 (1,5.5511151231257827e-17) (-0.49720052791022556,0.86763565800731834) (-0.6826308925893152,-0.73076334369118046) (0.0042192453191007284,0.99999109894485372) (-0.42791235728465254,-0.90382023349950036) (-0.22465956793474479,-0.97443731380493304) (0.90771084885925579,0.41959625220348307) (-0.54108698805314481,0.84096662915931175) (-0.3034779300178882,0.95283846794304927) (0.53771337503513916,-0.84312770462624398) (-0.39274860537961398,0.91964587367767159) (0.80799010618734646,-0.58919605251848117) (-0.53557162818753468,-0.84448980519634054) (-0.98690401458979549,0.16130860481246356) (0.88748671153902237,0.46083330700118763) (0.94578904652010398,-0.32478158735154861) (0.98420083311389683,-0.17705569772788998) (-0.99724715412233789,-0.07414926563964136) (0.52715327515198496,-0.84977021864533253) (0.15426409437660099,-0.98802964995295817) (0.6490948484720982,0.76070748496842322) (0.42578242806753153,-0.90482557653335416) (-0.86951628489620802,-0.49390427240538698) (-0.94979001790375228,-0.312888034111869) (-0.046322699192186179,0.99892652759827594) (-0.10054587947723398,0.99493242289119754) (-0.99683562983326368,0.079490421403586808) (0.29419623125022853,-0.95574503792494836) (0.70011848585839354,-0.71402668420679483) (-0.76261478740920596,-0.64685290911057258) (0.07311030350922737,0.99732386090015335) (0.48255063763971306,0.87586807346398121) (-0.066315506118539924,0.99779870397201975)
 (1,0) (-0.90948453594764578,0.41573775252206197) (-0.90355148553885367,0.4284795362447667) (0.1803868991395145,0.98359573332687333) (0.0042192453191007839,0.99999109894485372) (0.17852932154880863,-0.98393459200666478) (-0.99664366594876108,-0.081862098215316481) (0.96745108197278218,0.25305810397948625) (0.84666776404355826,-0.53212188202467359) (-0.65518375827175523,0.75546955127053106) (-0.21498455262777688,0.97661744922535232) (0.99615425386731382,0.087616793493345113) (-0.99746012390163274,-0.071227110190851317) (0.40637331534798332,0.91370713501268486) (-0.9397291864295767,0.34191966333102941) (0.36540666253559811,0.93084798489044052) (0.30095238399457919,-0.95363916790785108) (-0.42091966806270081,-0.90709791810916718) (0.7291785934889371,-0.68432344603812567) (0.8717868737219997,0.4898853404685854) (-0.80295021202152994,-0.59604610309486883) (-0.34827105708312184,0.93739387175199962) (0.64551715801462239,-0.7637457683736939) (0.76667736704294553,-0.64203256526760122) (0.99573436935226034,0.092266276020305737) (-0.037752127290533843,-0.99928713435380445) (-0.95942455907715662,-0.28196545079070079) (0.4580881915111879,-0.88890674921389179) (-0.94118604903865011,-0.33788877030024905) (-0.59485580877053557,0.8038324245587205) (-0.48111787092733649,-0.87665591555315836) (-0.10386558418248132,0.99459134342826039) (0.59425676421885743,-0.80427538702867973)
 (1,0) (0.54136982584228099,-0.84078458101198483) (0.92448530324110456,-0.3812176859632877) (-0.90355148553885367,0.42847953624476665) (-0.6826308925893152,-0.73076334369118046) (0.047459158982695815,-0.99887317925182839) (0.99664496023086446,-0.081846339236514298) (0.7868033922240627,-0.61720371190127177) (0.99234342792226049,0.12350919423061935) (-0.74850170602653998,0.66313286457191867) (0.20513129725517948,0.97873446393105379) (-0.78432429666718206,0.62035102777180162) (0.97609276019539482,0.21735437307341138) (-0.93868972994811939,0.34476309386291237) (-0.92284429262389434,-0.38517322281215849) (0.97983882366115682,-0.19978958843322853) (-0.95307063045230167,0.30274803611130308) (0.86744592642881702,-0.49753147108705797) (-0.96599487382540961,0.25856121855961173) (-0.97929342843314227,-0.20244599533619234) (-0.41292786406916016,0.91076373394820798) (0.42601681458450275,0.90471524453347862) (0.047604824463198636,-0.9988662476467145) (-0.88289751770548408,-0.46956572833789273) (0.077759732141251092,-0.99697212802430957) (0.84636167824867869,-0.53260858948394696) (-0.9120207083136892,0.41014415466637633) (-0.26796743119217181,0.96342797126732238) (0.9988446031323801,-0.048056828789653006) (-0.93455806325503588,0.35581066089283475) (0.41916522658735339,-0.90790996955643832) (0.78000737274260012,0.62577032405443023) (-0.62410220724348298,0.78134271284361057)
 (1,5.5511151231257827e-17) (-0.50934607697798095,0.86056177806543332) (0.54136982584228122,-0.84078458101198483) (-0.909484535947646,0.41573775252206185) (-0.49720052791022573,0.86763565800731834) (-0.6722925502194651,-0.74028557119493277) (-0.96851700374209826,0.24894741103780998) (0.64733290586877013,-0.76220739236738855) (-0.67129698910030999,0.7411884729438647) (0.99698231762852163,-0.077628978713241814) (-0.11262518882705314,-0.99363754299124096) (0.42656503570377602,-0.90445689245814065) (0.83894369371354316,-0.54421822716468837) (-0.97090581064145742,0.23946170228797503) (-0.41163714160358611,0.9113478280285906) (-0.87489830553498882,-0.4843066745069749) (-0.17143787261742521,-0.98519493291044202) (0.92139593552350463,0.38862517931905199) (0.37599003672972103,0.92662370586985521) (-0.79099836767254716,-0.61181825923991939) (-0.07983743291069717,0.99680789739359021) (-0.77084636303470355,0.63702110215923802) (0.7074116926457279,0.70680173818978709) (0.979482427654782,-0.20152958570764662) (0.94119259916747844,-0.33787052442076937) (0.57604323562690685,0.81741922578838522) (0.83281373800199132,0.55355331973997779) (-0.45717146475001913,-0.88937857620831073) (0.9581647264813451,-0.28621732464497818) (-0.70087683931676448,0.71328231164759848) (-0.82194279604984799,0.56957004838892078) (0.0021367596188669458,-0.99999771712655994) (-0.35450966335039996,-0.93505235072223924)


# name: N
# type: scalar
33


# name: argn
# type: sq_string
# elements: 1
# length: 1
x


# name: defect
# type: scalar
0


# name: info
# type: complex matrix
# rows: 1
# columns: 32
 (-7.7715611723760958e-16,1.1102230246251565e-16) (8.8817841970012523e-16,3.8857805861880479e-16) (7.2164496600635175e-16,2.2204460492503131e-16) (1.1102230246251565e-16,4.4408920985006262e-16) (1.1102230246251565e-15,9.9920072216264089e-16) (1.1102230246251565e-16,1.27675647831893e-15) (-1.9984014443252818e-15,4.9960036108132044e-16) (4.4408920985006262e-16,4.4408920985006262e-16) (-1.8873791418627661e-15,-6.3837823915946501e-16) (1.0547118733938987e-15,8.8817841970012523e-16) (3.3306690738754696e-16,-4.4408920985006262e-16) (2.7755575615628914e-16,-1.1102230246251565e-15) (-2.2204460492503131e-16,7.7715611723760958e-16) (-1.2628786905111156e-15,3.3306690738754696e-16) (-6.6613381477509392e-16,-1.1102230246251565e-16) (-1.4988010832439613e-15,6.6613381477509392e-16) (1.6514567491299204e-15,1.1102230246251565e-16) (-7.7715611723760958e-16,7.7715611723760958e-16) (1.6653345369377348e-16,-4.4408920985006262e-16) (1.5543122344752192e-15,4.4408920985006262e-16) (-2.2204460492503131e-16,1.1102230246251565e-16) (6.6613381477509392e-16,1.6653345369377348e-16) (-2.3592239273284576e-16,7.7715611723760958e-16) (1.4710455076283324e-15,1.8873791418627661e-15) (1.4432899320127035e-15,-8.8817841970012523e-16) (0,-2.7755575615628914e-16) (-1.2212453270876722e-15,-2.4980018054066022e-16) (0,-7.7715611723760958e-16) (-3.3306690738754696e-16,-1.700029006457271e-16) (1.1102230246251565e-16,1.1102230246251565e-16) (3.3306690738754696e-16,6.6613381477509392e-16) (-3.3306690738754696e-16,3.3306690738754696e-16)


# name: is_convergent
# type: scalar
3.2658777458844614e-14


# name: is_unimodular
# type: matrix
# rows: 1
# columns: 33
 1.7423577740225493 1.7423577740225495 1.7423577740225491 1.7423577740225498 1.7423577740225498 1.7423577740225493 1.7423577740225493 1.7423577740225493 1.7423577740225495 1.7423577740225495 1.7423577740225493 1.7423577740225491 1.7423577740225495 1.7423577740225493 1.7423577740225498 1.74235777402255 1.74235777402255 1.7423577740225489 1.7423577740225489 1.7423577740225498 1.7423577740225491 1.7423577740225495 1.74235777402255 1.7423577740225484 1.7423577740225495 1.7423577740225495 1.7423577740225491 1.7423577740225493 1.7423577740225493 1.7423577740225493 1.7423577740225491 1.7423577740225489 1.7423577740225493


# name: spectrum
# type: scalar
5.7445626465380295


# name: x
# type: complex matrix
# rows: 1
# columns: 33
 (-1.6152864936608329,0.65319228110389127) (0.73816035515115774,-1.578268007272507) (-1.6992674293789012,-0.38509844994343156) (0.079922630331559136,-1.7405237676796315) (-1.577225158244338,-0.74038598912860176) (-0.36358121939608612,1.7040009711262691) (-0.50602462456761466,1.6672581359909502) (1.1303839168377978,1.3259120684461891) (-1.2737664818585825,1.188835380694242) (1.2053983669292878,1.2581038866886232) (-1.7420107620245364,0.034772369598673282) (-1.3449695781626552,-1.1076404861297648) (0.64722007235231627,-1.6176887187098377) (1.4110667102973005,1.0221063309595375) (1.6282175268791899,-0.62025663870709968) (-1.1074096495335335,-1.3451596488212216) (-1.3990292838675582,-1.0385218705341948) (-0.48613764674400456,-1.673164905535319) (1.0302508647418096,1.4051312281760608) (-0.33996144928159905,-1.7088700435372988) (-0.49331849735536776,-1.6710617800858993) (-1.0047261806646859,1.4234942622236897) (1.2799030892782999,1.1822261605770192) (-1.2366134793215167,-1.2274354221127657) (1.7171567284909162,-0.29526832287800192) (-0.52623469402210132,1.6609899636976375) (0.85770392759693437,-1.516626053212065) (-0.60117358233059637,1.6353595741012465) (-1.1214165187816179,1.3335050071524031) (-0.58121544769278266,-1.6425587405204392) (-1.6579648326729994,0.5356894868451364) (0.16829301396420651,1.7342110811973424) (-1.1582234891292653,1.3016639204979308)


# name: x0
# type: complex matrix
# rows: 1
# columns: 33
 (-1.6152864936608329,0.65319228110389127) (0.73816035515115774,-1.578268007272507) (-1.6992674293789012,-0.38509844994343156) (0.079922630331559136,-1.7405237676796315) (-1.577225158244338,-0.74038598912860176) (-0.36358121939608612,1.7040009711262691) (-0.50602462456761466,1.6672581359909502) (1.1303839168377978,1.3259120684461891) (-1.2737664818585825,1.188835380694242) (1.2053983669292878,1.2581038866886232) (-1.7420107620245364,0.034772369598673282) (-1.3449695781626552,-1.1076404861297648) (0.64722007235231627,-1.6176887187098377) (1.4110667102973005,1.0221063309595375) (1.6282175268791899,-0.62025663870709968) (-1.1074096495335335,-1.3451596488212216) (-1.3990292838675582,-1.0385218705341948) (-0.48613764674400456,-1.673164905535319) (1.0302508647418096,1.4051312281760608) (-0.33996144928159905,-1.7088700435372988) (-0.49331849735536776,-1.6710617800858993) (-1.0047261806646859,1.4234942622236897) (1.2799030892782999,1.1822261605770192) (-1.2366134793215167,-1.2274354221127657) (1.7171567284909162,-0.29526832287800192) (-0.52623469402210132,1.6609899636976375) (0.85770392759693437,-1.516626053212065) (-0.60117358233059637,1.6353595741012465) (-1.1214165187816179,1.3335050071524031) (-0.58121544769278266,-1.6425587405204392) (-1.6579648326729994,0.5356894868451364) (0.16829301396420651,1.7342110811973424) (-1.1582234891292653,1.3016639204979308)


