# Created by Octave 5.2.0, Fri Sep 17 14:14:20 2021 UTC <root@0x00>
# name: F_norm
# type: scalar
9.4418463319843864e-14


# name: H
# type: complex matrix
# rows: 28
# columns: 28
 (1,0) (0.99999999999999989,-5.5511151231257821e-17) (1.0000000000000002,-5.5511151231257839e-17) (0.99999999999999989,-6.9388939039072284e-17) (1,0) (1,-5.5511151231257827e-17) (1,-5.5511151231257827e-17) (0.99999999999999989,-5.5511151231257821e-17) (1,0) (0.99999999999999989,-5.5511151231257821e-17) (1,-1.1102230246251565e-16) (1,-1.1102230246251565e-16) (0.99999999999999978,-5.5511151231257815e-17) (1,-5.5511151231257827e-17) (0.99999999999999989,-5.5511151231257821e-17) (1,-5.5511151231257827e-17) (1,-5.5511151231257827e-17) (1,-5.5511151231257827e-17) (0.99999999999999989,-5.5511151231257821e-17) (1,-5.5511151231257827e-17) (1,-5.5511151231257827e-17) (1,0) (0.99999999999999989,-5.5511151231257821e-17) (1,-5.5511151231257827e-17) (1,-5.5511151231257827e-17) (1,-5.5511151231257827e-17) (1,-8.3266726846886741e-17) (1,0)
 (1,0) (-0.25875191420854948,-0.96594381145769093) (0.34340819586967686,-0.93918624937204753) (-0.99754307735033509,-0.070055755155617017) (-0.74468732703740215,0.66741350372156028) (0.7341784315938622,0.67895657488706596) (-0.2833973665548527,0.95900257175347292) (0.17748551145185787,0.98412341361471112) (-0.98944918878494525,-0.14488030512396699) (0.6057799036115038,-0.79563226956957733) (0.73846947168093469,0.67428691177812461) (-0.98036033747758855,-0.19721462598100614) (0.37127012900570755,-0.92852490074746308) (0.4200964960442557,0.90747943999373204) (0.60193590306885902,0.79854440615201694) (-0.80127729009145321,-0.59829315923190707) (-0.99127012853444219,0.13184662405731573) (-0.79357155969960569,0.60847693434996786) (0.98460767899181056,0.1747790561547907) (0.94299240984653909,-0.33281423492966206) (0.99967210526987016,-0.02560628722220841) (-0.65302709815206306,0.75733454237813258) (0.5371483540326818,-0.84348778637273725) (0.093424491132138632,-0.99562636789947478) (-0.87967932623688483,0.47556732750623198) (-0.10395745073670853,-0.9945817454771253) (0.15070633213024925,0.98857857626788948) (-0.22420334886511703,-0.97454238407452864)
 (1,0) (0.99936623059083185,-0.03559687001229811) (0.30975846342404256,-0.95081527876721517) (-0.79802712346448179,-0.60262153148971209) (0.42094912179936084,0.90708425014237126) (0.23938840232722269,-0.97092388621931625) (-0.30600651088629793,-0.9520294193433283) (0.32879708690455489,-0.94440059066218252) (0.98141660865676272,0.19188913531687757) (-0.52143609523981238,-0.85329033662702269) (-0.046057251133032225,0.99893880173815874) (0.91864619772869838,-0.39508121114348749) (-0.69309827775278388,-0.72084310177466948) (-0.17208947076371167,0.98508132357296585) (-0.75348669767857512,-0.65746315213967321) (0.97555328162555133,0.21976304218320675) (-0.67078232373591073,0.7416542821041705) (0.53139465791084939,0.84712438138906887) (-0.24966381261337398,-0.96833257751216584) (-0.062479765110909857,0.99804623086893396) (0.13832500892850697,0.99038689001063074) (-0.61209352791243654,-0.79078537738611998) (-0.99781991881754073,0.065995527204172788) (0.77501517336111247,-0.63194262481656127) (-0.98456551987127783,0.17501639089125243) (-0.93100892079838871,0.36499642380963054) (0.029298650390789716,0.99957070239442269) (0.1507063321302492,0.98857857626788959)
 (0.99999999999999989,-2.7755575615628914e-17) (-0.9939069098076736,0.1102227500861773) (-0.89327305270850998,-0.44951446395507622) (0.85958727468722984,0.51098895995489091) (0.067283828906537377,-0.99773387552376724) (0.89465774834810285,0.44675218334184114) (0.6290678442184251,-0.77735040192334304) (-0.33173634667977236,-0.94337214093461397) (0.80702226341775951,0.59052101262196932) (-0.54440630100655563,-0.83882166127512403) (-0.94183459151916249,-0.33607678024215104) (-0.92266058075402968,-0.38561308681453632) (-0.99213482767590588,-0.12517381400476774) (-0.86644995373015821,-0.49926393589063345) (0.31617038535281483,0.94870242301042573) (0.99815848090417603,-0.060660093958594702) (-0.238307391421028,0.97118977918535832) (-0.97311508033933947,-0.23031943126050008) (0.97291293755076136,-0.23117183207810699) (-0.90460819501832601,0.42624407738487746) (0.98234368876290623,0.18708521359981028) (-0.66245207623420099,0.74910429627188491) (-0.059594780654503687,0.99822265157565992) (0.9840577966850923,0.17784896059094851) (0.85646558201547962,0.51620413289984812) (0.99171862823497881,-0.12842960099498249) (-0.93100892079838871,0.36499642380963049) (-0.10395745073670851,-0.9945817454771253)
 (1,-2.7755575615628914e-17) (0.98760927140678134,-0.15693287428504507) (-0.94133159111924336,-0.33748308929620863) (-0.59758079347367532,0.80180870241683733) (-0.090127111613658162,-0.99593027052709837) (0.6075524930253664,0.79427952776000788) (-0.6565110196195012,-0.75431643301612017) (-0.56964042488218081,0.82189402378898424) (-0.99607706123910145,0.088490045051827337) (0.18316080572164464,0.9830829666144143) (0.96417970122875762,0.26524988923357135) (-0.60152587687837888,0.79885331535000559) (-0.63684713910118895,-0.77099009164750631) (0.97928370533317344,-0.20249302325988705) (0.99981896308013452,-0.019027376733644796) (0.91152266121094072,0.41124984875246307) (-0.088666786232126399,-0.9960613440041054) (0.95252506582585872,-0.30446017633418565) (0.49012478554822353,-0.87165227848684435) (0.45147947831426866,0.89228150303649989) (-0.35395844338076676,-0.93526115088752837) (-0.53700434842115252,-0.84357947448759851) (-0.98463750241658843,0.17461096424572531) (-0.25450581667710542,0.96707124312406212) (-0.21106375154779869,-0.97747229770595911) (0.85646558201547962,0.51620413289984823) (-0.98456551987127794,0.17501639089125234) (-0.87967932623688461,0.47556732750623187)
 (1,-5.5511151231257827e-17) (-0.2317526073826367,0.97277475757307241) (-0.63543206919417528,0.77215677516914227) (-0.6137742779488482,-0.78948156136059944) (-0.39434894031715173,0.91896077896216011) (-0.91345694944244626,0.40693537756663539) (0.99156601754405438,0.12960259585295775) (-0.9214476194006368,0.38850261865385088) (-0.94805637850938518,0.31810234700119572) (0.87125264414701353,-0.49083482972058667) (0.86812234951816014,-0.49635026570665725) (0.57139811363372428,0.82067301389519332) (-0.049381021598681962,-0.99878001316900145) (-0.80900157420428753,0.58780647575114719) (-0.34685642019212698,-0.93791823938523677) (0.43752711289485841,0.89920521878039039) (0.70583011753993452,0.70838114399916297) (-0.24480101297025192,-0.96957334124280559) (-0.93521924175857685,-0.35406915969131347) (-0.6198530116110319,0.78471793913273935) (0.0015770282077341435,-0.9999987564902435) (-0.66344454320199242,-0.74822545940077434) (0.87959812594567466,0.47571749687483317) (0.40196251379983761,-0.91565612404423702) (-0.25450581667710537,0.96707124312406223) (0.9840577966850923,0.17784896059094835) (0.77501517336111225,-0.63194262481656105) (0.093424491132138687,-0.9956263678994749)
 (0.99999999999999989,5.5511151231257827e-17) (0.9375453626821959,-0.347863037578168) (-0.47138576106971897,0.8819271309245017) (0.78684260466121669,0.61715372111812905) (-0.085568075026603352,0.99633232635313096) (-0.49049484260924703,-0.87144409423308966) (0.97472207421310664,-0.22342085408864631) (-0.98993159632297778,0.14154658103056234) (0.34024265327823761,0.94033767173828886) (-0.97287231833364107,-0.23134271594352515) (-0.13299481127469914,0.99111673387851074) (-0.40267239342310712,-0.91534416673451624) (0.31588839716251538,0.94879635356492453) (0.54510444894275412,0.83836814093977607) (0.20157674151747529,-0.97947272411190545) (-0.98131971880658553,-0.19238401565973046) (0.77842758804742862,-0.62773441053256263) (0.039490888282295245,-0.99921993061721737) (0.98638646835551991,-0.16444371391185553) (-0.070869288093500682,-0.99748561092635346) (-0.85284562649539308,-0.52216313290740979) (-0.58070200994389853,0.8141161929645655) (-0.24926506383309649,-0.96843529879506285) (0.87959812594567477,0.47571749687483339) (-0.98463750241658854,0.17461096424572536) (-0.059594780654503743,0.99822265157565992) (-0.99781991881754062,0.065995527204172733) (0.5371483540326818,-0.84348778637273736)
 (0.99999999999999989,-1.3877787807814457e-17) (0.67577364246696436,-0.73710920774803157) (0.84092821221050007,-0.54114669167283336) (0.99998152850300948,-0.0060780467904149593) (-0.59129409082971873,-0.80645601129253008) (-0.96510280666022807,-0.26187129009601257) (0.71202311944763053,0.70215602067636385) (-0.56463439243743507,0.82534114333214315) (0.53430406702877353,0.84529235413347537) (0.26044383856739522,0.96548899887688056) (0.39530840812395079,-0.91854845406571073) (0.97248016806810078,-0.23298567061997094) (-0.56555879028663958,-0.82470798148769831) (-0.96920881829642003,-0.24624026181040415) (-0.97618179076012335,0.21695416886605023) (-0.96180246782585277,-0.27374442986862513) (0.48441412206866674,0.87483881849197964) (-0.94635441526555986,0.32313050104776703) (0.9387297999421913,-0.34465397531508923) (0.87793553896645204,0.47877885231042144) (0.78778574282129321,-0.61594936756806939) (0.76875298801279424,0.63954581026021962) (-0.58070200994389831,0.8141161929645655) (-0.66344454320199242,-0.74822545940077434) (-0.53700434842115263,-0.84357947448759851) (-0.66245207623420099,0.74910429627188502) (-0.61209352791243643,-0.79078537738611976) (-0.65302709815206306,0.75733454237813247)
 (1,-5.5511151231257827e-17) (-0.56257060273639914,0.82674924671075734) (-0.37183272042284898,0.92829975117035535) (0.93676241498868629,0.34996596672328706) (0.9925168161803879,0.12210802430285972) (-0.82652139910710876,0.56290530004435735) (-0.98734187801497342,0.15860648132363986) (0.99378091590156492,-0.11135300260813558) (-0.99942857806310004,-0.033801144222806556) (-0.5847023619793692,-0.81124789546460307) (0.97250086811733039,-0.23289925184731558) (0.9943177331173878,-0.10645302066310142) (-0.84386781054322735,0.5365511330050291) (-0.98464972994114963,0.17454199874764104) (-0.44582674305011749,0.89511927427652038) (-0.28489664214456906,-0.95855824199406336) (-0.53670085932722744,-0.84377259234785307) (0.29610440154351947,0.95515558072313778) (0.76104910773085144,0.64869426976201638) (-0.98591026016683658,-0.16727509945524421) (-0.23568217619695192,-0.97183018672146071) (0.7877857428212931,-0.61594936756806928) (-0.85284562649539297,-0.52216313290740968) (0.0015770282077341991,-0.99999875649024339) (-0.35395844338076671,-0.93526115088752859) (0.98234368876290612,0.1870852135998104) (0.13832500892850691,0.99038689001063074) (0.99967210526987005,-0.025606287222208368)
 (1,5.5511151231257827e-17) (-0.233932836142769,-0.97225275940683231) (0.56228966836646277,0.82694034177099685) (0.45885383944367186,-0.88851176358436645) (-0.94019765063754224,0.34062938472135146) (0.6260156083717533,0.7798105270352178) (-0.28111210559750027,-0.95967493667727977) (-0.30705865025447537,-0.95169059326227434) (-0.99823534889180321,-0.059381716233710524) (-0.65195692309123632,0.75825600586702158) (0.14062693338195159,-0.99006265741496779) (-0.99994023710229807,0.010932622000204839) (0.2948805634955749,-0.9555341193659872) (-0.82730176934508159,-0.56175776135136468) (-0.71439191439693706,-0.69974580573539669) (0.90401757294267604,-0.42749529565930017) (0.38528915677053216,0.92279589600033018) (0.93023513109940326,0.36696403211823947) (0.099157897960936381,0.99507171162281982) (0.92407415650002522,0.38221323013308584) (-0.98591026016683669,-0.16727509945524421) (0.87793553896645216,0.47877885231042167) (-0.070869288093500682,-0.99748561092635379) (-0.61985301161103212,0.78471793913273935) (0.45147947831426877,0.89228150303650011) (-0.90460819501832623,0.42624407738487746) (-0.062479765110909913,0.99804623086893418) (0.94299240984653931,-0.33281423492966217)
 (1,-5.5511151231257827e-17) (0.077478759463408264,-0.99699400290674345) (-0.89882764469404097,-0.43830225316984461) (-0.18665134957134311,-0.98242621794371754) (-0.085157810778949294,0.99636747601642284) (-0.7397883222049606,-0.67283968248697223) (-0.99875963946853252,0.049791390507681998) (0.99230982194347361,-0.12377890480413961) (-0.17172217708960924,0.98514541763924646) (-0.86714882249539382,0.49804911368744798) (-0.97619093159905956,-0.21691303571652892) (-0.62793491602594376,0.77826585511346369) (-0.65087018920999218,0.75918903890780065) (0.97904770045682477,0.20363103945666772) (0.28582971042115779,-0.95828042693178128) (-0.18384914843842637,0.98295447026729832) (-0.9725921542898458,0.23251774429887445) (-0.65211788024426098,-0.75811758340361135) (0.62885937211714937,0.77751906092418399) (0.099157897960936547,0.99507171162281982) (0.76104910773085166,0.64869426976201661) (0.93872979994219163,-0.34465397531508923) (0.98638646835551991,-0.16444371391185558) (-0.93521924175857696,-0.35406915969131347) (0.4901247855482237,-0.87165227848684435) (0.97291293755076136,-0.23117183207810699) (-0.249663812613374,-0.96833257751216573) (0.98460767899181079,0.17477905615479078)
 (0.99999999999999989,0) (-0.42359586934870436,-0.9058512788922447) (-0.96831124126206403,-0.24974655161887838) (0.94000861295021243,0.34115071094666927) (0.88854498508471469,0.45878950454517187) (-0.60988874165581353,0.79248704898028943) (0.75107850033904111,-0.66021290984685976) (-0.393029723958085,-0.91952576695024302) (-0.98810605031641341,0.153773968304451) (0.79750866410648491,0.60330749263960737) (-0.99907694306480876,-0.042956510988169883) (0.97098375682111271,0.23914544526199522) (0.63437846817934607,0.77302261228920566) (-0.99505424907687123,-0.099332982407979997) (0.57821510544694799,0.81588436180194956) (-0.68569642509971496,0.7278876373489731) (-0.12270207625337959,-0.99244355027533437) (0.48495303096508752,-0.8745401979084636) (-0.65211788024426087,-0.75811758340361135) (0.93023513109940292,0.36696403211823941) (0.29610440154351941,0.95515558072313789) (-0.94635441526556008,0.32313050104776697) (0.039490888282295356,-0.99921993061721714) (-0.24480101297025175,-0.96957334124280559) (0.95252506582585883,-0.30446017633418559) (-0.97311508033933958,-0.23031943126050008) (0.53139465791084928,0.84712438138906876) (-0.7935715596996058,0.60847693434996786)
 (1,0) (-0.38241636901636211,0.92399010855546582) (0.84336993065889843,0.53733337888168164) (-0.55978367522570682,-0.82863878556992554) (0.96335614315007678,0.26822554213759903) (0.3015486187313059,-0.95345080132183069) (-0.026595518461871859,0.99964627663876426) (-0.24293764956526451,-0.97004190549878055) (0.38536908080860532,-0.92276252175558793) (0.91296770706959596,-0.40803181965146429) (0.45376350879299721,-0.89112214543678969) (-0.62503060694673629,-0.78060024364574343) (-0.95686195782824024,0.29054292911910301) (0.89309576694579096,-0.44986659251772615) (-0.10750563052140383,0.9942044756518631) (-0.62799169115086617,0.77822004333316563) (-0.9572869220734207,0.28913967010287001) (-0.1227020762533797,-0.9924435502753346) (-0.97259215428984569,0.23251774429887448) (0.38528915677053222,0.92279589600033007) (-0.53670085932722733,-0.84377259234785307) (0.48441412206866663,0.87483881849197975) (0.77842758804742851,-0.62773441053256251) (0.70583011753993463,0.70838114399916297) (-0.088666786232126371,-0.99606134400410562) (-0.23830739142102797,0.97118977918535832) (-0.67078232373591051,0.74165428210417028) (-0.99127012853444207,0.13184662405731576)
 (1,0) (0.1291366126862889,0.99162681249747919) (-0.64085481213474194,-0.76766210650503275) (0.71817732645274712,0.69586013520619494) (-0.92934070003877367,-0.3692233243599895) (-0.40837541891434415,-0.91281406498066897) (-0.74791360279177643,-0.66379608522423883) (0.99980791607845543,-0.019599258834345656) (0.032224975131532607,-0.99948064062180419) (0.38223263708087213,0.92406612920840403) (-0.8996046030042415,-0.43670534488780982) (0.71856151867252671,-0.69546340225998271) (0.98681578027419481,-0.16184750786413937) (0.56143113733529793,0.8275234607129841) (-0.8306686212415787,-0.55676713416348012) (-0.77157587160719343,0.63613730778315403) (-0.62799169115086639,0.77822004333316563) (-0.68569642509971507,0.72788763734897333) (-0.18384914843842634,0.98295447026729843) (0.90401757294267593,-0.42749529565930022) (-0.28489664214456906,-0.95855824199406336) (-0.96180246782585288,-0.27374442986862524) (-0.98131971880658553,-0.19238401565973037) (0.43752711289485846,0.8992052187803905) (0.91152266121094083,0.41124984875246329) (0.99815848090417625,-0.060660093958594674) (0.97555328162555133,0.21976304218320666) (-0.80127729009145354,-0.59829315923190718)
 (1,-1.1102230246251565e-16) (0.78524960722053505,0.61917933941629244) (-0.91295672488021951,0.40805639131863108) (-0.95416802650314314,-0.29927141059429319) (0.82393135826723995,-0.56668961245456206) (0.88553853193322019,0.46456593553720404) (-0.71462532491338848,0.69950743026249163) (0.093779093932384927,0.99559303007866673) (0.87000800315885951,-0.49303759941766534) (0.99913455247775629,0.041595024282650772) (-0.28938262918829949,-0.95721350487969403) (-0.99995877946845302,-0.0090796125446908627) (0.85732849508279096,0.51476970726634419) (-0.94496364594548288,-0.32717534723970332) (-0.30754350222032711,-0.95153402158937883) (-0.8306686212415787,-0.55676713416348) (-0.10750563052140366,0.9942044756518631) (0.57821510544694832,0.81588436180194956) (0.28582971042115773,-0.95828042693178139) (-0.71439191439693717,-0.69974580573539669) (-0.44582674305011738,0.89511927427652049) (-0.97618179076012357,0.21695416886605035) (0.20157674151747507,-0.97947272411190567) (-0.34685642019212692,-0.937918239385237) (0.99981896308013485,-0.019027376733644963) (0.31617038535281494,0.94870242301042595) (-0.75348669767857523,-0.65746315213967321) (0.60193590306885925,0.79854440615201705)
 (1,0) (-0.92710109444661648,-0.37481136679119692) (0.093231827288456026,-0.99564442768513284) (0.29142125405532177,-0.95659482158582876) (0.21737277285873924,-0.9760886627861749) (0.71019924845298088,-0.70400072975588612) (0.15378122764579785,0.98810492055436694) (-0.9531792795321139,0.30240578875186819) (-0.76651579135915238,-0.64222546009719361) (-0.710145732243737,-0.70405471305574385) (0.98975475914391398,-0.14277785805919638) (0.85207610244788567,0.5234179168095221) (0.51019960029511446,0.86005602599987985) (0.7295650616384759,0.68391141300350156) (-0.94496364594548266,-0.32717534723970332) (0.5614311373352977,0.82752346071298399) (0.89309576694579085,-0.44986659251772615) (-0.99505424907687123,-0.099332982407979775) (0.97904770045682465,0.20363103945666761) (-0.82730176934508159,-0.56175776135136446) (-0.98464972994114963,0.17454199874764095) (-0.96920881829642014,-0.24624026181040415) (0.54510444894275412,0.83836814093977574) (-0.80900157420428753,0.58780647575114719) (0.97928370533317333,-0.20249302325988711) (-0.86644995373015821,-0.49926393589063334) (-0.17208947076371173,0.98508132357296585) (0.4200964960442557,0.90747943999373193)
 (1,0) (-0.98527492159079322,-0.17097756836572867) (0.39172712859748399,0.92008144026535554) (0.82700768998369933,0.56219060887551953) (0.99999892513476252,-0.0014661955261784862) (-0.1709385071689585,-0.98528169919411801) (0.99819281942292959,-0.060092389306003254) (-0.1005567142744202,0.99493132788868088) (0.2683964745327857,-0.96330853440544817) (-0.20933921241051739,0.97784308257886909) (-0.92723154027156063,-0.37448854551992539) (-0.46956685565314027,0.88289691814618021) (-0.20455670580085314,-0.9788547155282572) (0.51019960029511457,0.86005602599988007) (0.85732849508279074,0.5147697072663443) (0.98681578027419481,-0.16184750786413929) (-0.95686195782824035,0.29054292911910301) (0.63437846817934607,0.77302261228920577) (-0.65087018920999218,0.75918903890780065) (0.29488056349557484,-0.9555341193659872) (-0.84386781054322757,0.53655113300502932) (-0.56555879028663969,-0.82470798148769842) (0.31588839716251543,0.94879635356492453) (-0.049381021598681921,-0.99878001316900167) (-0.63684713910118917,-0.77099009164750654) (-0.99213482767590611,-0.12517381400476782) (-0.69309827775278376,-0.72084310177466937) (0.37127012900570761,-0.92852490074746319)
 (1,0) (0.80083602509269591,-0.59888367895087047) (-0.98993654331662984,-0.14151197902058277) (0.75655250432301946,-0.65393295390473116) (-0.49172907774760627,-0.87074824955177998) (-0.35648007769824719,0.93430292421904082) (0.26173921085993324,0.96513863537753963) (-0.8144962362937973,0.58016883841105948) (0.99100097917793228,-0.13385461989927439) (0.51593367086850805,-0.85662853516804205) (-0.84161957786800012,-0.54007081586518635) (-0.20061388415756815,0.97967038818329721) (-0.46956685565314032,0.88289691814618032) (0.85207610244788579,0.52341791680952232) (-0.9999587794684528,-0.0090796125446910847) (0.71856151867252671,-0.6954634022599826) (-0.62503060694673629,-0.78060024364574376) (0.97098375682111282,0.23914544526199516) (-0.62793491602594376,0.77826585511346358) (-0.99994023710229807,0.010932622000204839) (0.9943177331173878,-0.10645302066310136) (0.972480168068101,-0.23298567061997094) (-0.40267239342310712,-0.91534416673451635) (0.57139811363372428,0.82067301389519343) (-0.601525876878379,0.7988533153500057) (-0.92266058075402968,-0.38561308681453649) (0.91864619772869827,-0.39508121114348743) (-0.98036033747758866,-0.1972146259810062)
 (0.99999999999999989,5.5511151231257827e-17) (0.44416836143176175,0.89594333900254175) (0.47069557724275279,0.88229568375013057) (-0.99990771372352327,-0.013585434707687527) (-0.071160854821215369,-0.99746485288510955) (-0.033743766629011074,0.99943051695137197) (0.89899951138831247,0.43794963012151933) (0.80103714747420496,-0.59861464095558836) (-0.78254083614436898,0.62259926097488372) (-0.3126410665096393,0.94987134051497468) (-0.88363948077440768,0.46816799123469938) (-0.84161957786800012,-0.54007081586518613) (-0.92723154027156041,-0.37448854551992539) (0.98975475914391398,-0.14277785805919618) (-0.2893826291882991,-0.9572135048796937) (-0.89960460300424105,-0.43670534488780982) (0.45376350879299732,-0.89112214543678947) (-0.99907694306480876,-0.042956510988169883) (-0.97619093159905956,-0.21691303571652898) (0.14062693338195159,-0.99006265741496768) (0.97250086811733016,-0.23289925184731541) (0.39530840812395096,-0.91854845406571073) (-0.13299481127469914,0.99111673387851051) (0.86812234951816014,-0.49635026570665713) (0.96417970122875762,0.26524988923357146) (-0.94183459151916238,-0.33607678024215104) (-0.04605725113303244,0.99893880173815863) (0.73846947168093446,0.6742869117781245)
 (1,0) (-0.84240365896101621,-0.53884698697226874) (0.66020768654786499,-0.75108309169033838) (-0.91678890967609961,-0.39937212608657152) (0.1134089196230698,-0.99354839688357866) (-0.064833705387637788,-0.99789608208756331) (-0.91353139068967759,0.40676823649909705) (0.44852359718315643,0.89377099011429206) (-0.32822055253210602,0.94460111628957943) (0.68987242355157319,0.72393096302277282) (-0.31264106650963941,0.94987134051497479) (0.51593367086850783,-0.85662853516804194) (-0.20933921241051739,0.97784308257886909) (-0.71014573224373723,-0.70405471305574419) (0.99913455247775607,0.04159502428265098) (0.38223263708087207,0.92406612920840414) (0.91296770706959607,-0.4080318196514644) (0.79750866410648513,0.60330749263960737) (-0.86714882249539393,0.49804911368744786) (-0.65195692309123598,0.75825600586702147) (-0.58470236197936931,-0.81124789546460341) (0.26044383856739517,0.96548899887688078) (-0.97287231833364107,-0.23134271594352512) (0.87125264414701364,-0.49083482972058667) (0.18316080572164462,0.9830829666144143) (-0.5444063010065554,-0.83882166127512403) (-0.52143609523981238,-0.85329033662702269) (0.60577990361150402,-0.79563226956957744)
 (1,0) (0.61178935733822359,-0.79102072175618976) (-0.96407289858655887,-0.26563781020576072) (-0.99015132424804952,-0.14000126817223996) (0.82524956373482539,0.56476823348651672) (0.97818736021269226,0.20772454915133426) (0.41531593218264762,0.9096772375272778) (0.31713421133709974,-0.94838066829706991) (0.56491465576785571,-0.82514933902820642) (-0.32822055253210586,0.94460111628957955) (-0.78254083614436909,0.62259926097488394) (0.99100097917793228,-0.13385461989927439) (0.26839647453278559,-0.96330853440544817) (-0.76651579135915249,-0.64222546009719372) (0.8700080031588594,-0.49303759941766523) (0.032224975131532552,-0.99948064062180419) (0.38536908080860538,-0.92276252175558793) (-0.98810605031641363,0.15377396830445123) (-0.17172217708960924,0.98514541763924646) (-0.99823534889180277,-0.059381716233710524) (-0.99942857806310026,-0.03380114422280639) (0.53430406702877364,0.84529235413347537) (0.34024265327823772,0.94033767173828886) (-0.94805637850938529,0.31810234700119566) (-0.99607706123910167,0.088490045051827504) (0.80702226341775962,0.59052101262196954) (0.98141660865676261,0.1918891353168774) (-0.98944918878494525,-0.14488030512396693)
 (1,0) (0.39596810574679869,0.91826426437670539) (0.64980224565407585,0.76010330978290064) (-0.98132055413104347,-0.19237975475590691) (-0.74138840862408051,0.67107617120402596) (-0.36133148441505286,-0.93243742866232782) (0.34401641304679847,-0.93896363484131584) (0.7302470141169104,-0.68318320996152804) (0.31713421133709974,-0.94838066829706991) (0.44852359718315649,0.89377099011429217) (0.80103714747420518,-0.59861464095558858) (-0.8144962362937973,0.5801688384110596) (-0.10055671427442031,0.99493132788868088) (-0.95317927953211412,0.30240578875186824) (0.093779093932384705,0.99559303007866684) (0.99980791607845543,-0.019599258834345545) (-0.24293764956526454,-0.97004190549878055) (-0.39302972395808511,-0.91952576695024313) (0.99230982194347384,-0.12377890480413956) (-0.30705865025447537,-0.95169059326227445) (0.99378091590156525,-0.11135300260813552) (-0.56463439243743518,0.82534114333214326) (-0.98993159632297778,0.14154658103056239) (-0.92144761940063713,0.38850261865385094) (-0.56964042488218103,0.82189402378898457) (-0.33173634667977231,-0.94337214093461419) (0.328797086904555,-0.94440059066218263) (0.17748551145185781,0.98412341361471145)
 (1,-5.5511151231257827e-17) (-0.99653263692419991,0.083202785679933278) (0.12155097898763695,-0.99258519005027845) (-0.89659333688739073,0.44285481621986977) (-0.35106912548994207,-0.93634954430903039) (-0.18798669502884119,0.98217157487484563) (0.095922502032431856,-0.99538880524337747) (0.34401641304679847,-0.93896363484131573) (0.41531593218264762,0.9096772375272778) (-0.91353139068967759,0.40676823649909688) (0.89899951138831269,0.43794963012151938) (0.26173921085993335,0.96513863537753963) (0.99819281942292926,-0.060092389306003302) (0.15378122764579777,0.98810492055436705) (-0.71462532491338848,0.6995074302624914) (-0.74791360279177643,-0.66379608522423872) (-0.026595518461871914,0.99964627663876426) (0.75107850033904111,-0.66021290984685987) (-0.99875963946853252,0.049791390507681943) (-0.28111210559750016,-0.95967493667727966) (-0.98734187801497364,0.15860648132363991) (0.71202311944763053,0.70215602067636407) (0.97472207421310664,-0.22342085408864643) (0.99156601754405438,0.1296025958529578) (-0.65651101961950131,-0.75431643301612028) (0.62906784421842521,-0.77735040192334304) (-0.30600651088629788,-0.95202941934332819) (-0.2833973665548527,0.95900257175347303)
 (1,-5.5511151231257827e-17) (-0.85301298827954675,0.5218896835791994) (0.99979819129624115,-0.02008921802272684) (0.99545578609440089,-0.095224880840978909) (-0.99558983927139844,-0.093812962534775279) (-0.99497487591430622,-0.10012490349214359) (-0.18798669502884108,0.98217157487484563) (-0.36133148441505303,-0.93243742866232782) (0.97818736021269248,0.20772454915133418) (-0.064833705387637941,-0.99789608208756353) (-0.033743766629010907,0.99943051695137219) (-0.35648007769824713,0.93430292421904104) (-0.17093850716895853,-0.98528169919411801) (0.7101992484529811,-0.70400072975588635) (0.88553853193322007,0.4645659355372041) (-0.40837541891434415,-0.91281406498066908) (0.3015486187313059,-0.95345080132183102) (-0.60988874165581364,0.79248704898028965) (-0.73978832220496071,-0.67283968248697223) (0.62601560837175341,0.7798105270352178) (-0.82652139910710898,0.56290530004435757) (-0.96510280666022841,-0.26187129009601262) (-0.49049484260924714,-0.87144409423308988) (-0.91345694944244649,0.40693537756663545) (0.60755249302536662,0.7942795277600081) (0.89465774834810319,0.44675218334184125) (0.23938840232722264,-0.97092388621931613) (0.73417843159386231,0.67895657488706607)
 (1,0) (-0.8458039763062144,-0.53349379908729644) (0.81041601113762363,0.58585483602321053) (-0.76720909130376103,0.6413970768727103) (0.0016436339666794364,0.9999986492327797) (-0.99558983927139832,-0.09381296253477539) (-0.35106912548994201,-0.9363495443090305) (-0.74138840862408029,0.67107617120402585) (0.82524956373482516,0.56476823348651661) (0.11340891962306987,-0.99354839688357866) (-0.071160854821215425,-0.99746485288510978) (-0.49172907774760627,-0.87074824955177987) (0.99999892513476241,-0.0014661955261784376) (0.21737277285873924,-0.97608866278617479) (0.82393135826723973,-0.56668961245456184) (-0.92934070003877367,-0.36922332435998956) (0.96335614315007678,0.26822554213759908) (0.8885449850847148,0.45878950454517187) (-0.085157810778949294,0.99636747601642262) (-0.94019765063754213,0.34062938472135129) (0.9925168161803879,0.12210802430285977) (-0.59129409082971862,-0.80645601129253008) (-0.085568075026603352,0.99633232635313107) (-0.39434894031715173,0.91896077896216022) (-0.090127111613658106,-0.99593027052709837) (0.067283828906537502,-0.99773387552376713) (0.42094912179936078,0.90708425014237115) (-0.74468732703740215,0.66741350372156016)
 (1,0) (-0.45199467224535983,0.89202063667933684) (0.99732184920378375,0.073137740604598767) (0.14352124040576142,0.98964723692454748) (-0.76720909130376103,0.6413970768727103) (0.99545578609440055,-0.095224880840978965) (-0.89659333688739062,0.44285481621986988) (-0.98132055413104335,-0.19237975475590682) (-0.9901513242480493,-0.14000126817224001) (-0.91678890967609949,-0.39937212608657147) (-0.99990771372352327,-0.013585434707687416) (0.75655250432301946,-0.65393295390473105) (0.82700768998369911,0.56219060887551942) (0.29142125405532182,-0.95659482158582865) (-0.95416802650314259,-0.29927141059429319) (0.71817732645274701,0.69586013520619494) (-0.55978367522570682,-0.82863878556992554) (0.94000861295021232,0.34115071094666921) (-0.18665134957134311,-0.98242621794371732) (0.4588538394436717,-0.88851176358436623) (0.9367624149886864,0.34996596672328706) (0.99998152850300936,-0.0060780467904149038) (0.78684260466121669,0.61715372111812883) (-0.6137742779488482,-0.78948156136059944) (-0.59758079347367521,0.80180870241683744) (0.85958727468722984,0.51098895995489091) (-0.79802712346448146,-0.60262153148971187) (-0.99754307735033498,-0.070055755155617017)
 (1,0) (0.32578610391944962,0.94544350148117484) (-0.73207701101619782,-0.68122188011072371) (0.99732184920378375,0.073137740604598767) (0.81041601113762363,0.58585483602321031) (0.99979819129624081,-0.020089218022726812) (0.12155097898763693,-0.99258519005027834) (0.64980224565407574,0.7601033097829003) (-0.96407289858655854,-0.26563781020576072) (0.66020768654786488,-0.75108309169033793) (0.47069557724275279,0.88229568375013034) (-0.98993654331662972,-0.14151197902058266) (0.39172712859748388,0.92008144026535521) (0.093231827288456012,-0.99564442768513262) (-0.91295672488021906,0.40805639131863075) (-0.64085481213474171,-0.76766210650503253) (0.84336993065889843,0.53733337888168153) (-0.96831124126206403,-0.24974655161887821) (-0.89882764469404064,-0.43830225316984456) (0.56228966836646255,0.82694034177099662) (-0.37183272042284898,0.92829975117035535) (0.84092821221049985,-0.54114669167283325) (-0.47138576106971875,0.88192713092450148) (-0.63543206919417528,0.77215677516914205) (-0.94133159111924314,-0.33748308929620863) (-0.89327305270850976,-0.44951446395507616) (0.30975846342404245,-0.95081527876721483) (0.3434081958696768,-0.93918624937204742)
 (1,-2.7755575615628914e-17) (0.81834361735090555,-0.57472926142753045) (0.32578610391944973,0.94544350148117517) (-0.45199467224535994,0.89202063667933684) (-0.84580397630621462,-0.53349379908729655) (-0.85301298827954664,0.5218896835791994) (-0.99653263692419991,0.08320278567993343) (0.39596810574679897,0.91826426437670527) (0.61178935733822359,-0.79102072175618965) (-0.84240365896101632,-0.53884698697226874) (0.44416836143176197,0.89594333900254197) (0.80083602509269569,-0.59888367895087069) (-0.98527492159079322,-0.17097756836572861) (-0.92710109444661659,-0.37481136679119703) (0.78524960722053494,0.61917933941629244) (0.1291366126862889,0.99162681249747919) (-0.382416369016362,0.92399010855546593) (-0.42359586934870441,-0.90585127889224459) (0.077478759463408126,-0.99699400290674345) (-0.233932836142769,-0.9722527594068322) (-0.56257060273639892,0.82674924671075745) (0.67577364246696459,-0.73710920774803179) (0.9375453626821959,-0.34786303757816806) (-0.23175260738263687,0.97277475757307252) (0.98760927140678167,-0.15693287428504515) (-0.99390690980767382,0.11022275008617735) (0.99936623059083196,-0.035596870012298193) (-0.25875191420854954,-0.96594381145769115)


# name: N
# type: scalar
28


# name: argn
# type: sq_string
# elements: 1
# length: 1
x


# name: defect
# type: scalar
0


# name: info
# type: complex matrix
# rows: 1
# columns: 27
 (1.9428902930940239e-16,-4.4408920985006262e-16) (1.9428902930940239e-16,-6.6613381477509392e-16) (-4.4408920985006262e-16,-7.7715611723760958e-16) (-3.3306690738754696e-16,-4.4408920985006262e-16) (5.5511151231257827e-16,-3.3306690738754696e-16) (1.1102230246251565e-16,-8.8817841970012523e-16) (4.4408920985006262e-16,-8.8817841970012523e-16) (2.2204460492503131e-16,3.3306690738754696e-16) (1.2212453270876722e-15,-3.3306690738754696e-16) (4.4408920985006262e-16,-5.8286708792820718e-16) (-3.3306690738754696e-16,-3.3306690738754696e-16) (-4.9960036108132044e-16,2.2204460492503131e-16) (-1.8318679906315083e-15,-1.1102230246251565e-16) (7.2164496600635175e-16,4.4408920985006262e-16) (-4.4408920985006262e-16,-1.1102230246251565e-16) (4.4408920985006262e-16,-2.7755575615628914e-17) (-2.7755575615628914e-16,-3.3306690738754696e-16) (1.1102230246251565e-16,1.4432899320127035e-15) (-1.6653345369377348e-15,-4.4408920985006262e-16) (4.4408920985006262e-16,-4.4408920985006262e-16) (8.8817841970012523e-16,-4.4408920985006262e-16) (-9.2287288921966137e-16,2.2204460492503131e-16) (-1.3322676295501878e-15,-3.3306690738754696e-16) (-5.5511151231257827e-16,0) (-1.2212453270876722e-15,1.6653345369377348e-16) (-2.2204460492503131e-16,-1.2490009027033011e-15) (-3.3306690738754696e-16,3.6082248300317588e-16)


# name: is_convergent
# type: scalar
2.3261696212618651e-14


# name: is_unimodular
# type: matrix
# rows: 1
# columns: 28
 2.1328784731876911 2.1328784731876911 2.1328784731876911 2.1328784731876902 2.1328784731876906 2.1328784731876911 2.1328784731876902 2.1328784731876906 2.1328784731876906 2.1328784731876902 2.1328784731876911 2.1328784731876915 2.1328784731876897 2.1328784731876911 2.1328784731876906 2.1328784731876915 2.1328784731876906 2.1328784731876906 2.1328784731876906 2.1328784731876906 2.1328784731876902 2.1328784731876902 2.1328784731876902 2.1328784731876906 2.1328784731876915 2.1328784731876911 2.1328784731876906 2.1328784731876911


# name: spectrum
# type: scalar
5.2915026221291805


# name: x
# type: complex matrix
# rows: 1
# columns: 28
 (-2.0477497556211284,-0.59656644201720299) (-1.8895912979184464,-0.98924987147754406) (-2.1278286856290598,-0.14668219388038597) (-0.13685363334248191,-2.1284834188756121) (1.7559922464435356,1.210645204763823) (-0.43556286613773232,-2.0879309306175191) (1.125566426574933,1.811703839140048) (-0.90926134775174117,-1.9293559502777451) (1.6996015278061953,-1.2886136845720289) (0.44130257820034952,-2.0867253331143458) (-1.7669262552133105,1.1946305663364403) (-1.6107320514072905,-1.398110453418012) (-2.0547206096024504,-0.57209596910167548) (1.7079881937497479,1.2774767752874925) (-0.7225590996833845,-2.0067583135126639) (1.0614408376584696,-1.8500037647362624) (1.7720516313875943,1.18701457323995) (-1.973227516913779,0.80965656168633415) (1.2530805048593363,1.7259663466385793) (2.0023885128447727,-0.73458207507041351) (-0.80876643705568463,-1.9735925191588324) (1.9583282002941618,0.84505694560785816) (2.0802563151880968,-0.47085480193738549) (1.9814590971309476,-0.78929742669317293) (-0.1142931054197197,2.12981399832027) (-0.20197186818083643,2.123294126081217) (0.38855776079122328,-2.0971870321734216) (0.72414739857778065,-2.0061857158599472)


# name: x0
# type: complex matrix
# rows: 1
# columns: 28
 (-2.0477497556211284,-0.59656644201720299) (-1.8895912979184464,-0.98924987147754406) (-2.1278286856290598,-0.14668219388038597) (-0.13685363334248191,-2.1284834188756121) (1.7559922464435356,1.210645204763823) (-0.43556286613773232,-2.0879309306175191) (1.125566426574933,1.811703839140048) (-0.90926134775174117,-1.9293559502777451) (1.6996015278061953,-1.2886136845720289) (0.44130257820034952,-2.0867253331143458) (-1.7669262552133105,1.1946305663364403) (-1.6107320514072905,-1.398110453418012) (-2.0547206096024504,-0.57209596910167548) (1.7079881937497479,1.2774767752874925) (-0.7225590996833845,-2.0067583135126639) (1.0614408376584696,-1.8500037647362624) (1.7720516313875943,1.18701457323995) (-1.973227516913779,0.80965656168633415) (1.2530805048593363,1.7259663466385793) (2.0023885128447727,-0.73458207507041351) (-0.80876643705568463,-1.9735925191588324) (1.9583282002941618,0.84505694560785816) (2.0802563151880968,-0.47085480193738549) (1.9814590971309476,-0.78929742669317293) (-0.1142931054197197,2.12981399832027) (-0.20197186818083643,2.123294126081217) (0.38855776079122328,-2.0971870321734216) (0.72414739857778065,-2.0061857158599472)


