
   Y = F2 (x) F2 (x) I2 =

   1   1  -1  -1  -1   1  -1  -1  -1  -1  -1   1   1   1   1  -1
  -1   1   1   1  -1   1   1  -1  -1  -1   1  -1   1  -1  -1  -1
  -1   1  -1  -1   1  -1   1   1  -1  -1  -1  -1  -1  -1   1  -1
   1  -1  -1  -1  -1  -1   1  -1   1   1   1  -1   1  -1   1  -1
   1  -1  -1   1   1   1   1  -1  -1   1  -1  -1  -1   1  -1  -1
   1   1  -1   1  -1  -1   1   1   1  -1  -1  -1   1   1  -1   1
  -1  -1  -1   1  -1  -1  -1   1  -1   1  -1   1   1  -1  -1  -1
  -1  -1   1  -1  -1   1   1   1  -1   1  -1  -1   1   1   1   1
   1   1   1   1  -1   1   1   1   1   1  -1   1  -1  -1   1  -1
  -1   1  -1  -1  -1   1  -1   1   1   1   1  -1  -1   1  -1  -1
   1  -1  -1  -1  -1   1   1   1  -1  -1   1   1  -1  -1  -1   1
  -1   1  -1  -1   1   1   1  -1   1   1  -1   1   1  -1  -1   1
   1  -1   1  -1   1   1  -1   1   1  -1  -1  -1   1  -1  -1  -1
   1   1   1  -1  -1  -1  -1  -1  -1   1  -1  -1  -1  -1  -1   1
   1   1  -1   1   1   1  -1   1  -1   1   1  -1   1  -1   1   1
   1   1   1  -1   1  -1   1   1  -1   1   1   1   1   1  -1  -1

