# Created by Octave 5.2.0, Fri Sep 17 14:08:09 2021 UTC <root@0x00>
# name: F_norm
# type: scalar
4.2259577484784727e-14


# name: H
# type: complex matrix
# rows: 25
# columns: 25
 (1,0) (1,0) (1,0) (1,5.5511151231257827e-17) (0.99999999999999989,5.5511151231257827e-17) (1,0) (1,-5.5511151231257827e-17) (1,0) (1,-5.5511151231257827e-17) (0.99999999999999989,0) (1,0) (1,5.5511151231257827e-17) (1,0) (1,6.9388939039072284e-18) (1,0) (0.99999999999999989,0) (1,0) (0.99999999999999978,0) (1,0) (1.0000000000000002,0) (1,-2.7755575615628914e-17) (1.0000000000000002,1.3877787807814457e-17) (1,0) (1,0) (1,0)
 (1,0) (-0.99873151452108411,-0.050352377326411457) (-0.29233060569353619,-0.95631732023154903) (0.79091764974295775,0.61192260239762042) (0.89660419647073542,0.44283282948655278) (-0.94958048596887212,0.31352336542452663) (0.48836729867658368,-0.8726381733475429) (0.29412321056565816,0.95576751200621457) (0.54033732367607101,-0.84144849910293451) (0.066281348554803804,-0.99780097355823238) (-0.13754879594250929,0.99049499177672062) (-0.35681727122275619,0.93417419947092684) (-0.70427119645394232,-0.70993104020414033) (0.73335942166710877,-0.67984112750854053) (-0.63711732053437264,0.77076683885277619) (0.99840333397283287,0.056487013657407992) (0.97461503578169806,0.22388731993625666) (-0.89986800450611948,-0.43616232582167619) (0.39039394629812063,0.92064790593026413) (-0.32059256640134087,-0.9472171907055964) (0.43683480540933017,0.89954174599236514) (-0.99683017568187071,-0.079558788641177963) (-0.83797124928785705,0.54571438075878853) (0.49556676821484502,-0.86856984649542968) (-0.97414515281648451,-0.22592304274718888)
 (0.99999999999999989,0) (0.98428522613091785,-0.1765859383428012) (-0.45660888767661156,-0.8896675354843111) (-0.13353561105932996,0.99104401545996534) (-0.62991356099927753,-0.77666524685298555) (0.99612733688231359,-0.087922287935141619) (-0.036565758693975992,-0.99933124903163817) (-0.99986860917162246,0.016210009043943679) (-0.99901406257809211,-0.04439485072861582) (0.91740860055735118,0.39794655372725918) (-0.99972214054541331,0.023572053438261797) (0.96243756370334854,0.27150310490446217) (-0.79944361643715112,0.60074112905467825) (0.98274512463082231,-0.18496491563090958) (-0.28085419084921404,-0.95975044854505431) (0.49634118353016821,-0.86812754220325927) (-0.99851917029690052,-0.054400979307265451) (0.90077729134962314,0.43428132746968889) (0.17668790735823608,0.98426692690213224) (-0.57735980731614156,0.81648983637021977) (-0.53497137456488264,0.84487018434559513) (0.56491026169428271,0.82515234728654663) (-0.74817512145678344,0.6635013094434159) (-0.28273535240651249,-0.95919795688875675) (0.49556676821484502,-0.86856984649542968)
 (1.0000000000000002,0) (-0.45120359232045004,-0.89242104316130999) (0.54645820392350164,-0.83748637682334937) (0.9446802815082318,-0.32799263060246975) (-0.99724813300467352,-0.074136099295101898) (-0.051942574019400056,0.99865007335114109) (0.99536621556573524,-0.096156626970512235) (0.75365092866141592,0.65727488749212504) (-0.99934702190189406,-0.036132116127004094) (-0.91801623691388379,0.39654279562548089) (-0.99958598610830862,-0.028772493390040871) (0.98434062337442374,-0.1762768764610132) (0.51915972194141113,-0.8546772391457006) (-0.94286641994154563,0.33317099835762071) (-0.99990518183418597,0.01377052435978901) (0.73396542940926124,-0.6791868288122781) (0.97441497986907344,0.22475641705355903) (0.012729513120512237,0.99991897646545069) (-0.8914294781451324,0.45315944820106885) (0.85339429941594569,0.52126592994782195) (-0.34765865346114988,-0.937621171195265) (0.99211897756264611,0.12529937892922668) (-0.12492952595689305,-0.99216561800144354) (-0.74817512145678344,0.66350130944341612) (-0.83797124928785716,0.54571438075878864)
 (1,0) (0.8094302785139712,0.58721599452398698) (0.98246675711599907,-0.18643784798686353) (-0.9706052109757306,-0.24067722041514045) (-0.76366893076780806,-0.64560805770990237) (-0.94521480206045716,-0.32644904344447356) (-0.41811678401210706,-0.9083932820796139) (0.18138825712303402,-0.98341156195047241) (-0.9569531517856068,-0.29024242503051478) (0.62856855098916253,-0.7777541878430384) (-0.30265763078526181,0.95309934347236447) (-0.82538089578424079,0.56457628082873368) (0.37218074845591476,0.92816027197828022) (-0.36679627104918761,0.93030129288548835) (-0.80061990211640444,0.59917257308318084) (0.81388570357815504,0.58102500936800616) (-0.99841059174575031,-0.056358586656344078) (0.31032258402514679,0.95063131330918993) (0.98667142318488743,0.16272523673453088) (-0.21766359091981313,-0.97602385277609527) (0.62372406534068026,-0.78164460614456677) (0.29725033010035673,-0.9547995817213315) (0.992118977562646,0.1252993789292266) (0.56491026169428271,0.82515234728654652) (-0.99683017568187049,-0.079558788641177824)
 (1,0) (0.99957168522436546,-0.029265100336779981) (-0.24867216476744142,0.96858771129406485) (-0.92440982424777873,-0.38140067754815382) (0.81261202942844357,0.58280501853380262) (-0.95436351660583418,-0.29864741447356569) (0.69117897881640189,-0.72268362320057877) (-0.68982271406132534,0.72397833059081707) (0.7815854540876167,0.62379818688310873) (0.27747718131924981,-0.96073222796319457) (-0.73977888521408997,-0.6728500583275574) (0.8294379657364489,0.55859883726604886) (-0.9939739206576258,-0.10961681008179214) (-0.93510186070102863,-0.35437904863785907) (0.55146877468893929,0.83419553495753018) (0.78655067691671232,-0.61752573439643932) (-0.7205883788340397,-0.69336309989018763) (-0.90976652373942435,-0.41512031061257737) (0.69940277993834021,-0.71472774635837488) (0.24017477011834809,0.97072966360289981) (-0.73091135017025455,0.68247241570066042) (0.62372406534068026,-0.78164460614456688) (-0.34765865346114988,-0.93762117119526489) (-0.53497137456488253,0.84487018434559524) (0.43683480540933017,0.89954174599236503)
 (1,-3.4694469519536142e-18) (-0.48157475221704993,0.87640501939861504) (-0.99205430143884588,-0.12581042483309454) (0.20740455129197075,0.97825525917491318) (-0.96412941977426914,0.26543259394002527) (-0.68554501771793053,0.72803023885146601) (0.3005092093490222,0.95377891311164198) (0.79357260940241148,-0.60847556533212377) (0.97732438927278487,0.21174758117290871) (-0.36980250052294933,-0.92911038666402468) (0.76512176386864494,-0.64388561597113891) (-0.015805366402870124,-0.99987508739485598) (-0.9655164419559884,-0.26034208325326247) (0.1845671889504848,0.98281989843659356) (-0.065669674835400788,-0.99784141716357544) (0.99714897690017767,-0.075458053691628627) (0.012284809171930127,-0.99992453888461486) (0.99512758971221482,0.098595538405938848) (-0.88741359093646965,-0.46097409755998203) (-0.78350312701486702,0.62138784181694862) (0.24017477011834801,0.97072966360289947) (-0.21766359091981297,-0.97602385277609505) (0.85339429941594547,0.52126592994782173) (-0.57735980731614145,0.81648983637021977) (-0.32059256640134071,-0.94721719070559607)
 (1.0000000000000002,5.5511151231257827e-17) (0.36788053678268401,-0.92987306158232386) (-0.50738089043202228,0.8617218994689696) (0.89613796210568686,-0.44377556588107342) (-0.83854472745247199,-0.5448327633886012) (0.25823886619258163,0.96608109803865339) (-0.99977680128428759,-0.021126940473202016) (-0.27386511931042301,-0.96176810948642277) (0.97060732088743307,0.24066871138500656) (0.8219057392432173,0.5696235211076347) (-0.085440528035266916,0.99634327225562902) (-0.99996512031367701,0.0083521348201578416) (-0.45364133073426161,-0.89118434852147632) (-0.15716022460688667,-0.98757311820518545) (0.73892667227654529,-0.67378585099296306) (0.9501264743160388,0.31186484701513495) (-0.45878417525106935,0.88854773678131482) (-0.70386686634248297,-0.7103319185178244) (-0.99971077573932032,-0.024049217673067003) (-0.88741359093646988,-0.46097409755998209) (0.69940277993834021,-0.7147277463583751) (0.98667142318488765,0.16272523673453099) (-0.8914294781451324,0.45315944820106874) (0.17668790735823614,0.98426692690213247) (0.39039394629812052,0.92064790593026413)
 (1,0) (-0.43625554799035571,0.89982281414044729) (-0.46277688106367548,0.88647479284691277) (-0.020893440171548261,0.99978170825325574) (0.38942546169921821,-0.92105798394039784) (0.6118108736287744,-0.79100408021046009) (0.60524884949341295,-0.79603632466546381) (-0.99236508067018558,-0.12333509908560464) (-0.63999202581120995,0.7683815503368514) (-0.75807226622914259,-0.65217055988001471) (0.41296103518143967,0.91074869388974311) (-0.75224512313880731,0.65888335440643864) (0.92540676174373682,-0.37897536241683438) (-0.68416832390649707,0.72932414231463238) (0.80400332106978567,-0.59462480583032773) (-0.27803110830134864,-0.96057207059997496) (0.80992006350357859,-0.58654027204818515) (-0.23943215265664652,-0.97091309820920824) (-0.70386686634248319,-0.71033191851782451) (0.99512758971221527,0.098595538405938932) (-0.90976652373942457,-0.41512031061257731) (0.31032258402514679,0.95063131330919026) (0.012729513120512237,0.9999189764654508) (0.90077729134962348,0.43428132746968912) (-0.89986800450611937,-0.43616232582167624)
 (1,0) (0.9206883450148009,-0.39029856693806442) (-0.9563475999604889,0.29223153158037729) (0.63521338340274669,-0.77233668665034638) (0.028317365919547588,-0.99959898298636651) (-0.36182335172793539,-0.9322466745150465) (0.75362529828821168,0.65730427488340892) (-0.99502519634604703,0.099623584740312798) (0.24076926305317592,-0.97058238288608489) (-0.9524895351164937,-0.30457131429858164) (-0.38674647094265419,0.92218608057886153) (0.87168127101856085,-0.49007322081038684) (-0.92819556217610799,0.3720927281694425) (0.016767215070539854,0.99985942036807274) (0.54627509509035044,0.83760582643868253) (-0.51343676869739197,0.85812742908590245) (0.48579467591066594,0.8740729562552837) (0.80992006350357826,-0.58654027204818504) (-0.45878417525106924,0.8885477367813146) (0.012284809171929978,-0.99992453888461497) (-0.72058837883403981,-0.69336309989018752) (-0.99841059174575042,-0.056358586656343856) (0.97441497986907333,0.22475641705355881) (-0.99851917029690052,-0.054400979307265285) (0.97461503578169784,0.22388731993625643)
 (1,0) (-0.98465200957330512,0.17452913809232984) (-0.79766891536431617,-0.60309559894059594) (-0.99074880985671188,-0.13570849556129205) (0.79635178561412545,-0.60483372388549361) (0.49373650407707187,0.86961155957229097) (-0.99632088308320321,0.085701213132054366) (-0.1917028654032078,0.9814530102843434) (-0.24279652381207478,0.97007723817476121) (-0.99650027763702698,-0.083589453098628475) (0.21986234800489574,-0.97553090567637768) (-0.85967747533035643,-0.51083719364355706) (-0.99867801000079259,-0.051402649161853997) (-0.21450646121341321,0.97672256966740478) (-0.90123585387662053,-0.4333289001293113) (0.67958354583033054,0.73359812175105421) (-0.51343676869739219,0.85812742908590267) (-0.27803110830134853,-0.96057207059997496) (0.95012647431603892,0.311864847015135) (0.99714897690017801,-0.075458053691628779) (0.78655067691671254,-0.61752573439643932) (0.81388570357815493,0.58102500936800616) (0.73396542940926124,-0.67918682881227799) (0.49634118353016821,-0.86812754220325927) (0.99840333397283276,0.056487013657408047)
 (1,5.5511151231257827e-17) (-0.99998112926730687,0.0061433793046888896) (0.50433151286126854,0.86351011872187355) (-0.3159407354420839,-0.94877892666749053) (-0.85854703479131866,-0.51273481357426243) (-0.51911994239794468,0.8547014013120342) (0.99803621375025142,-0.062639572500633178) (-0.42671883033061425,-0.90438434298768799) (0.76017250645817369,0.64972129442176796) (0.96764803808774513,0.2523039325593972) (0.16440647367101813,-0.98639267607533476) (0.86279951923001219,0.50554622896077417) (0.29719615646042358,0.95481644549366218) (-0.72988832577054441,0.68356640635996091) (-0.65966616159850222,-0.75155875035947683) (-0.90123585387662042,-0.43332890012931136) (0.54627509509035033,0.83760582643868264) (0.80400332106978545,-0.5946248058303274) (0.73892667227654518,-0.67378585099296284) (-0.06566967483540076,-0.99784141716357555) (0.55146877468893907,0.83419553495753007) (-0.80061990211640444,0.59917257308318073) (-0.99990518183418575,0.013770524359788927) (-0.28085419084921392,-0.95975044854505442) (-0.63711732053437253,0.77076683885277597)
 (1,0) (0.59749920376430876,0.80186950403480051) (0.54571109523822292,-0.83797338891751183) (0.8467921690143716,-0.53192388787864764) (-0.85071895171934708,0.52562083785323344) (-0.45403290308340377,-0.8909849173345511) (0.35721671516723391,-0.93402152994731946) (0.49586032763873089,-0.86840228896175231) (0.53184358311404978,0.84684260822209989) (-0.99657442852508382,-0.082700715897156662) (0.95601198551062505,-0.2933276044971424) (-0.16004624906013271,-0.9871095168023567) (-0.5880637227453579,0.80881460050549936) (-0.16844988744406991,-0.98571021878647502) (-0.72988832577054441,0.68356640635996102) (-0.21450646121341305,0.97672256966740478) (0.016767215070539687,0.99985942036807285) (-0.68416832390649696,0.72932414231463227) (-0.15716022460688661,-0.98757311820518545) (0.18456718895048485,0.98281989843659379) (-0.93510186070102841,-0.35437904863785896) (-0.36679627104918766,0.93030129288548846) (-0.94286641994154541,0.33317099835762082) (0.98274512463082231,-0.18496491563090967) (0.73335942166710866,-0.67984112750854053)
 (1,-1.7347234759768071e-18) (-0.69819754891557495,-0.71590514922598747) (0.9820993359200153,-0.18836372895402598) (0.91613094312433951,0.40087915267585128) (0.79884070673220919,0.60154262132253311) (0.9922225863461327,-0.1244762593613427) (-0.70634333032127516,-0.70786940865575643) (0.68638181529198095,0.72724136546024731) (0.26327253269840917,-0.96472150049978955) (0.96814084919722643,0.2504062621335042) (0.82393910489905042,-0.5666783491701014) (-0.72751908084380001,0.68608744851381209) (-0.98112750156897144,0.19336190334455269) (-0.58806372274535801,0.80881460050549958) (0.29719615646042369,0.9548164454936624) (-0.99867801000079248,-0.051402649161853928) (-0.92819556217610832,0.37209272816944244) (0.92540676174373659,-0.37897536241683433) (-0.45364133073426161,-0.89118434852147654) (-0.96551644195598862,-0.26034208325326252) (-0.99397392065762613,-0.109616810081792) (0.37218074845591476,0.92816027197828044) (0.51915972194141113,-0.85467723914570048) (-0.79944361643715134,0.60074112905467836) (-0.70427119645394221,-0.70993104020414033)
 (1,5.5511151231257827e-17) (0.73912455428011248,-0.67356877396463732) (-0.28417287758687776,-0.95877305742495389) (-0.94910733916620138,0.31495278811411398) (-0.99665365279769103,-0.081740420631529309) (0.89477435632293267,-0.44651859005743755) (0.39308335064428956,0.91950284363141521) (0.2969156814898174,0.9549037009486544) (-0.56111472942389551,0.82773803852641004) (0.89753140058567593,-0.44095054707156778) (-0.38786503181308701,-0.92171618033786995) (-0.85575607350123017,-0.51737949579178133) (-0.7275190808437999,0.68608744851381198) (-0.16004624906013254,-0.98710951680235681) (0.86279951923001241,0.50554622896077439) (-0.85967747533035621,-0.51083719364355695) (0.87168127101856097,-0.49007322081038673) (-0.7522451231388072,0.6588833544064383) (-0.99996512031367701,0.0083521348201576195) (-0.015805366402870058,-0.99987508739485609) (0.82943796573644868,0.55859883726604886) (-0.8253808957842409,0.56457628082873346) (0.98434062337442352,-0.17627687646101303) (0.96243756370334854,0.27150310490446222) (-0.35681727122275636,0.9341741994709265)
 (1,-5.5511151231257827e-17) (0.30932676191522507,0.95095581094130788) (-0.16942681928860254,0.9855427707135529) (-0.99998494720680453,-0.0054868351354953604) (0.2245779034593845,0.97445613820109256) (-0.56623280606254633,-0.82424535748679495) (-0.95001524159976725,0.31220352452868855) (0.87593916971028918,0.48242156975745676) (-0.095336759112562064,-0.99544507752156408) (0.29284717883032385,-0.95615925966918269) (0.77534831760597711,-0.63153383629507942) (-0.38786503181308718,-0.92171618033786984) (0.82393910489905042,-0.5666783491701014) (0.95601198551062483,-0.29332760449714229) (0.16440647367101807,-0.98639267607533476) (0.21986234800489568,-0.97553090567637746) (-0.38674647094265424,0.92218608057886153) (0.41296103518143956,0.91074869388974278) (-0.085440528035266972,0.9963432722556288) (0.76512176386864517,-0.64388561597113914) (-0.73977888521408997,-0.6728500583275574) (-0.30265763078526176,0.95309934347236447) (-0.99958598610830851,-0.028772493390040843) (-0.99972214054541331,0.023572053438261853) (-0.13754879594250918,0.99049499177672051)
 (1,0) (0.087500539726351634,0.99616447213680392) (-0.68100504363746495,-0.7322787246263095) (0.77076778825480186,0.63711617197242831) (-0.3204990946630587,0.94724882175707092) (-0.77543201879090595,0.63143106055519671) (0.2276821502159373,0.97373550745212478) (-0.72893189409973624,0.68458622084012943) (-0.59279704322128135,-0.80535188926835355) (0.16636097379517956,0.98606491997125578) (0.29284717883032396,-0.95615925966918291) (0.89753140058567604,-0.440950547071568) (0.96814084919722643,0.2504062621335042) (-0.99657442852508404,-0.082700715897156607) (0.96764803808774535,0.2523039325593972) (-0.99650027763702687,-0.083589453098628419) (-0.9524895351164937,-0.30457131429858164) (-0.75807226622914237,-0.65217055988001449) (0.82190573924321741,0.56962352110763481) (-0.3698025005229495,-0.9291103866640249) (0.27747718131924981,-0.96073222796319468) (0.62856855098916253,-0.77775418784303851) (-0.91801623691388368,0.39654279562548089) (0.91740860055735129,0.39794655372725923) (0.066281348554803665,-0.99780097355823227)
 (1,5.5511151231257827e-17) (-0.015955620509374158,-0.9998727009845606) (0.43551072389139961,0.90018354204883666) (0.98770469361417301,-0.15633118119087025) (-0.88345062466108293,0.46852427235517013) (0.9982614867825913,-0.058940682101674524) (-0.97145444438304951,0.2372261842386304) (-0.56014816457757211,-0.8283924394394101) (-0.96902910575818224,0.24694653711582465) (-0.59279704322128113,-0.80535188926835344) (-0.095336759112561953,-0.99544507752156419) (-0.56111472942389562,0.82773803852641004) (0.26327253269840928,-0.96472150049978933) (0.53184358311404956,0.84684260822209989) (0.76017250645817369,0.64972129442176807) (-0.24279652381207462,0.9700772381747611) (0.2407692630531762,-0.97058238288608467) (-0.63999202581120995,0.76838155033685107) (0.97060732088743307,0.24066871138500667) (0.97732438927278498,0.21174758117290882) (0.78158545408761659,0.62379818688310873) (-0.95695315178560647,-0.29024242503051489) (-0.99934702190189362,-0.036132116127004232) (-0.99901406257809211,-0.044394850728615876) (0.5403373236760709,-0.84144849910293429)
 (1,0) (-0.49728298129969795,-0.86758840270584758) (-0.7729370503544547,-0.63448271543782464) (-0.9348520049524891,0.35503764425242557) (0.2658227500648076,0.96402192171546719) (0.9813492232470673,0.19223345710978024) (0.99285703453863028,-0.1193101377384026) (0.44565950284353262,-0.89520255111636904) (-0.56014816457757233,-0.8283924394394101) (-0.72893189409973624,0.68458622084012932) (0.87593916971028929,0.48242156975745687) (0.29691568148981751,0.9549037009486544) (0.68638181529198083,0.7272413654602472) (0.49586032763873089,-0.8684022889617522) (-0.42671883033061442,-0.90438434298768799) (-0.19170286540320769,0.98145301028434329) (-0.99502519634604703,0.099623584740312743) (-0.99236508067018536,-0.12333509908560447) (-0.27386511931042301,-0.96176810948642277) (0.79357260940241159,-0.60847556533212388) (-0.68982271406132534,0.72397833059081718) (0.1813882571230343,-0.98341156195047252) (0.7536509286614157,0.65727488749212482) (-0.99986860917162268,0.016210009043943763) (0.29412321056565816,0.95576751200621457)
 (1,-5.5511151231257827e-17) (-0.34187528594490579,0.93974533191715748) (0.49565535732299687,0.86851929555825769) (-0.99729495180059435,-0.073503599320375645) (-0.38419838665327755,0.92325056170739406) (-0.95840943226407216,0.28539684677175203) (-0.53845537178819236,-0.842654029001487) (0.99285703453863028,-0.11931013773840257) (-0.9714544443830494,0.23722618423863048) (0.22768215021593727,0.97373550745212456) (-0.95001524159976714,0.3122035245286886) (0.39308335064428979,0.91950284363141521) (-0.70634333032127494,-0.7078694086557562) (0.35721671516723397,-0.93402152994731935) (0.99803621375025164,-0.062639572500633206) (-0.9963208830832031,0.085701213132054505) (0.75362529828821145,0.65730427488340915) (0.60524884949341273,-0.79603632466546337) (-0.99977680128428748,-0.021126940473202016) (0.30050920934902225,0.95377891311164209) (0.69117897881640178,-0.72268362320057866) (-0.41811678401210695,-0.9083932820796139) (0.9953662155657349,-0.096156626970512221) (-0.036565758693975992,-0.99933124903163817) (0.48836729867658357,-0.87263817334754279)
 (1,0) (-0.44380840527600923,-0.89612169899314764) (0.44212737466031155,0.89695227552862655) (-0.93221235815696446,0.36191175623269251) (0.022106097340922504,-0.99975563037191928) (0.90696290865157647,-0.42121049646260406) (-0.95840943226407216,0.28539684677175198) (0.98134922324706719,0.19223345710978018) (0.9982614867825913,-0.05894068210167458) (-0.77543201879090584,0.6314310605551966) (-0.56623280606254645,-0.82424535748679506) (0.89477435632293267,-0.4465185900574376) (0.99222258634613258,-0.12447625936134254) (-0.45403290308340361,-0.89098491733455099) (-0.51911994239794468,0.8547014013120342) (0.4937365040770717,0.86961155957229086) (-0.36182335172793523,-0.93224667451504661) (0.6118108736287744,-0.79100408021045998) (0.25823886619258146,0.96608109803865339) (-0.68554501771793042,0.72803023885146601) (-0.95436351660583418,-0.29864741447356563) (-0.94521480206045694,-0.32644904344447362) (-0.051942574019400112,0.99865007335114098) (0.9961273368823137,-0.087922287935141619) (-0.94958048596887212,0.31352336542452663)
 (1,-3.4694469519536142e-18) (0.93258931011485602,0.36093930051948631) (0.90576881986274349,-0.42377216162043163) (0.49637785206932211,-0.86810657639200395) (0.91817823850796054,0.39616754325716574) (0.022106097340922403,-0.9997556303719195) (-0.38419838665327743,0.92325056170739417) (0.2658227500648076,0.96402192171546719) (-0.88345062466108304,0.46852427235517041) (-0.3204990946630587,0.94724882175707092) (0.22457790345938472,0.97445613820109267) (-0.99665365279769125,-0.081740420631529032) (0.79884070673220908,0.60154262132253289) (-0.85071895171934719,0.52562083785323344) (-0.85854703479131889,-0.51273481357426243) (0.79635178561412534,-0.60483372388549372) (0.028317365919547616,-0.99959898298636662) (0.38942546169921816,-0.92105798394039762) (-0.83854472745247188,-0.5448327633886012) (-0.96412941977426936,0.2654325939400255) (0.81261202942844357,0.58280501853380262) (-0.76366893076780817,-0.64560805770990237) (-0.99724813300467341,-0.074136099295101815) (-0.62991356099927764,-0.77666524685298555) (0.89660419647073553,0.44283282948655267)
 (0.99999999999999989,-5.5511151231257827e-17) (-0.91776455279000679,0.39712494965962342) (-0.37661899005669913,-0.92636825092868558) (0.9718415017543407,-0.23563551402084498) (0.49637785206932206,-0.86810657639200384) (-0.93221235815696435,0.36191175623269262) (-0.99729495180059446,-0.073503599320375701) (-0.93485200495248888,0.35503764425242557) (0.9877046936141729,-0.15633118119087042) (0.77076778825480186,0.6371161719724282) (-0.99998494720680453,-0.0054868351354952216) (-0.94910733916620105,0.31495278811411409) (0.9161309431243394,0.40087915267585128) (0.84679216901437138,-0.53192388787864764) (-0.31594073544208412,-0.94877892666749053) (-0.99074880985671165,-0.13570849556129189) (0.6352133834027468,-0.77233668665034627) (-0.020893440171548178,0.99978170825325541) (0.89613796210568664,-0.44377556588107331) (0.20740455129197083,0.97825525917491307) (-0.92440982424777851,-0.38140067754815377) (-0.97060521097573038,-0.24067722041514056) (0.94468028150823158,-0.32799263060246964) (-0.13353561105932987,0.99104401545996512) (0.79091764974295742,0.61192260239762031)
 (1,0) (-0.82072613995972499,0.57132180352828277) (0.97859798648430363,0.20578139091975084) (-0.37661899005669919,-0.92636825092868547) (0.90576881986274338,-0.42377216162043158) (0.4421273746603116,0.89695227552862644) (0.49565535732299693,0.86851929555825769) (-0.7729370503544547,-0.63448271543782453) (0.43551072389139972,0.90018354204883655) (-0.68100504363746495,-0.73227872462630939) (-0.16942681928860248,0.98554277071355301) (-0.28417287758687804,-0.95877305742495378) (0.98209933592001508,-0.18836372895402587) (0.54571109523822281,-0.83797338891751183) (0.50433151286126865,0.86351011872187355) (-0.79766891536431594,-0.60309559894059572) (-0.9563475999604889,0.29223153158037724) (-0.46277688106367537,0.88647479284691255) (-0.50738089043202228,0.86172189946896949) (-0.99205430143884588,-0.1258104248330944) (-0.24867216476744142,0.96858771129406473) (0.98246675711599907,-0.18643784798686353) (0.54645820392350153,-0.83748637682334937) (-0.45660888767661167,-0.8896675354843111) (-0.29233060569353614,-0.95631732023154881)
 (1.0000000000000002,2.7755575615628914e-17) (0.34011263911725265,-0.9403847046356596) (-0.8207261399597251,0.57132180352828266) (-0.91776455279000713,0.39712494965962353) (0.93258931011485602,0.36093930051948642) (-0.44380840527600929,-0.89612169899314775) (-0.3418752859449059,0.93974533191715759) (-0.49728298129969795,-0.86758840270584736) (-0.015955620509374269,-0.99987270098456071) (0.087500539726351592,0.9961644721368037) (0.30932676191522501,0.95095581094130821) (0.73912455428011248,-0.67356877396463755) (-0.69819754891557473,-0.71590514922598725) (0.59749920376430876,0.80186950403480062) (-0.99998112926730698,0.0061433793046889174) (-0.98465200957330512,0.17452913809232992) (0.92068834501480112,-0.39029856693806431) (-0.43625554799035582,0.89982281414044707) (0.36788053678268406,-0.92987306158232386) (-0.48157475221705004,0.87640501939861515) (0.99957168522436546,-0.02926510033677987) (0.80943027851397109,0.58721599452398721) (-0.45120359232044993,-0.89242104316130999) (0.98428522613091807,-0.17658593834280126) (-0.998731514521084,-0.050352377326411513)


# name: N
# type: scalar
25


# name: argn
# type: sq_string
# elements: 1
# length: 1
x


# name: defect
# type: scalar
0


# name: info
# type: complex matrix
# rows: 1
# columns: 24
 (5.5511151231257827e-16,3.6082248300317588e-16) (-5.5511151231257827e-16,7.7715611723760958e-16) (1.1102230246251565e-16,-4.4408920985006262e-16) (1.2212453270876722e-15,4.4408920985006262e-16) (8.3266726846886741e-17,1.3322676295501878e-15) (-1.1102230246251565e-16,-1.2212453270876722e-15) (0,6.6613381477509392e-16) (-3.3306690738754696e-16,-2.2204460492503131e-16) (-3.3306690738754696e-16,-5.5511151231257827e-16) (-8.8817841970012523e-16,0) (-4.4408920985006262e-16,2.2204460492503131e-16) (-3.3306690738754696e-16,-8.8817841970012523e-16) (6.106226635438361e-16,6.6613381477509392e-16) (-3.3306690738754696e-16,-8.8817841970012523e-16) (-7.7715611723760958e-16,4.4408920985006262e-16) (0,2.2204460492503131e-16) (-4.4408920985006262e-16,-7.7715611723760958e-16) (-6.6613381477509392e-16,-3.3306690738754696e-16) (4.4408920985006262e-16,-2.2204460492503131e-16) (3.3306690738754696e-16,-9.9920072216264089e-16) (-2.2204460492503131e-16,2.2204460492503131e-16) (-2.7755575615628914e-16,-3.3306690738754696e-16) (-2.2204460492503131e-16,-5.5511151231257827e-16) (-5.5511151231257827e-16,-3.668940151690947e-16)


# name: is_convergent
# type: scalar
1.8152391636090698e-14


# name: is_unimodular
# type: matrix
# rows: 1
# columns: 25
 1.953271437584549 1.9532714375845492 1.9532714375845488 1.953271437584549 1.9532714375845492 1.9532714375845488 1.9532714375845492 1.9532714375845492 1.953271437584549 1.9532714375845492 1.9532714375845495 1.953271437584549 1.953271437584549 1.953271437584549 1.9532714375845492 1.953271437584549 1.953271437584549 1.9532714375845492 1.9532714375845492 1.9532714375845492 1.9532714375845492 1.9532714375845492 1.9532714375845492 1.953271437584549 1.953271437584549


# name: spectrum
# type: scalar
4.9999999999999911


# name: x
# type: complex matrix
# rows: 1
# columns: 25
 (1.5513958753219177,1.1867772103127663) (-1.3241467403661595,-1.4359333963876202) (1.9040284339964926,-0.43582683650330017) (1.5427402845978202,-1.1980073969565661) (1.2205959564343152,-1.5249310869740347) (-1.8323871858763119,0.67648097528304563) (-1.1674889655618033,-1.5659625870930129) (-1.9394882539786058,0.2316346726261653) (-0.87845772221575003,-1.7445862945590072) (1.8604249009560738,-0.59505335625151701) (-0.43448504882555516,-1.9043350680042279) (-1.8239414146733284,0.69893277553929922) (1.1644342521880295,-1.5682353717522493) (1.951810679394675,0.075527350572542853) (-0.81220248962687602,-1.7763998493378443) (-0.50615292940309797,-1.8865520191450522) (-0.51099204195052128,-1.8852470506400076) (0.92405186838874775,1.7208711321336285) (1.9364043768965522,0.25613941129682988) (-1.2298773540299839,1.5174554368836723) (0.41554499801608591,1.9085574823691904) (-0.13815494344606147,-1.9483794600860036) (-1.3021225499180324,1.4559348109989583) (-1.7718276595493887,-0.82212897634090598) (1.7756356146954475,0.81387190190393688)


# name: x0
# type: complex matrix
# rows: 1
# columns: 25
 (1.5513958753219177,1.1867772103127663) (-1.3241467403661595,-1.4359333963876202) (1.9040284339964926,-0.43582683650330017) (1.5427402845978202,-1.1980073969565661) (1.2205959564343152,-1.5249310869740347) (-1.8323871858763119,0.67648097528304563) (-1.1674889655618033,-1.5659625870930129) (-1.9394882539786058,0.2316346726261653) (-0.87845772221575003,-1.7445862945590072) (1.8604249009560738,-0.59505335625151701) (-0.43448504882555516,-1.9043350680042279) (-1.8239414146733284,0.69893277553929922) (1.1644342521880295,-1.5682353717522493) (1.951810679394675,0.075527350572542853) (-0.81220248962687602,-1.7763998493378443) (-0.50615292940309797,-1.8865520191450522) (-0.51099204195052128,-1.8852470506400076) (0.92405186838874775,1.7208711321336285) (1.9364043768965522,0.25613941129682988) (-1.2298773540299839,1.5174554368836723) (0.41554499801608591,1.9085574823691904) (-0.13815494344606147,-1.9483794600860036) (-1.3021225499180324,1.4559348109989583) (-1.7718276595493887,-0.82212897634090598) (1.7756356146954475,0.81387190190393688)


