# Created by Octave 5.2.0, Fri Sep 17 21:15:58 2021 CEST <ania@ania-bania>
# name: F_norm
# type: scalar
2.6935487152222781e-13


# name: H
# type: complex matrix
# rows: 45
# columns: 45
 (1,0) (0.99999999999999989,-5.5511151231257827e-17) (1,0) (1,0) (1,5.5511151231257827e-17) (1,0) (1,5.5511151231257827e-17) (1,5.5511151231257827e-17) (0.99999999999999989,0) (0.99999999999999989,-5.5511151231257827e-17) (1,0) (1,0) (0.99999999999999989,0) (1,0) (1,-5.5511151231257827e-17) (0.99999999999999989,0) (0.99999999999999989,-1.1102230246251565e-16) (1,0) (1,2.7755575615628914e-17) (1,0) (1,5.5511151231257827e-17) (1,-5.5511151231257827e-17) (1,0) (1,-2.7755575615628914e-17) (0.99999999999999989,0) (1,-5.5511151231257827e-17) (1,0) (1,0) (1,0) (1,0) (0.99999999999999989,5.5511151231257827e-17) (1,0) (1,0) (1,-5.5511151231257827e-17) (1.0000000000000002,0) (1,0) (0.99999999999999989,5.5511151231257827e-17) (1,0) (1,5.5511151231257827e-17) (1,0) (0.99999999999999989,5.5511151231257827e-17) (1,-5.5511151231257827e-17) (0.99999999999999989,0) (1,0) (0.99999999999999989,-2.7755575615628914e-17)
 (0.99999999999999989,0) (-0.63018352418371781,0.77644621568231476) (0.84140191028160427,-0.54040986794697432) (-0.88506246148622236,-0.46547227550945253) (-0.86886988635058748,-0.49504052419283401) (-0.31947334422977863,0.94759526292961194) (0.25221285982843089,0.96767177975652563) (0.34983784048414202,-0.93681027180822007) (0.94015945237336807,-0.34073480026702041) (-0.49804951580391549,-0.86714859153866197) (0.38418274959289489,-0.92325706870580793) (-0.10018367432261988,0.99496896001795865) (-0.69405083899505382,-0.71992599125900514) (0.32502019385379449,0.94570707599512038) (0.43177718916365881,-0.90198029851983352) (-0.98498257649884524,0.17265376912681521) (-0.74724513139304549,0.66454850357922635) (-0.69116649548992404,-0.72269556212292796) (0.79435022827444102,-0.60746005205308962) (-0.60564011162007314,-0.7957386852458691) (-0.77079892091471369,0.63707850655685472) (0.38689971149818825,0.92212179957021789) (-0.99875304935602582,-0.049923405352983896) (-0.11171042218645078,-0.99374080200770853) (0.0078694261511346175,0.99996903558662786) (0.23267313793763864,0.97255499118674582) (0.99177876923602226,0.12796434227033643) (0.24364069266113941,-0.96986556433332471) (-0.32715963682342575,-0.94496908522637024) (0.92111375834559805,0.38929351932243417) (0.71738878066051692,0.69667304912879779) (0.60542997469137227,-0.79589857754942739) (0.050488891364967037,0.99872462263065087) (0.99288236099788696,-0.11909919067424696) (0.65783751279481439,-0.75315988127351208) (0.64974109310626926,-0.7601555840280787) (-0.97883280883440305,0.20466150676019004) (0.27041937666009774,0.96274262434295621) (-0.98012386197722301,-0.19838652974144277) (0.88926706731502392,0.45738832843540622) (0.33542502819011499,0.94206690339044397) (-0.65153264414533196,0.75862059925432446) (0.13669458194750445,-0.99061324000146278) (-0.9138041386431579,-0.40615513809212783) (-0.65086954415610887,0.75918959192682323)
 (1,-2.7755575615628914e-17) (0.99963714875713172,-0.026936421898839963) (0.82653989835139086,-0.56287813639656681) (0.71420333299472383,0.69993828237868794) (0.28913237765722727,-0.95728912465893945) (-0.99099183453905759,-0.13392230537484628) (0.59600924651006693,0.80297757009427195) (-0.56982887310676666,-0.82176338162141982) (-0.76546698248169986,0.64347517335975013) (0.0069792178443202069,0.99997564496255698) (0.74180288331297606,0.67061798537509854) (-0.2124238301158223,-0.97717762786451656) (-0.98098591117344636,-0.19407895836283778) (-0.97226542974170094,0.2338801704488562) (-0.55910021350572947,-0.82910008518745604) (0.90653670565294719,-0.42212699665373377) (-0.99926489703484045,0.038336217261881578) (-0.58746622438070117,-0.80924868564112185) (0.52600295089608007,0.85048274271064139) (0.42717143418452413,0.90417065082689851) (-0.46107390322798925,-0.88736173895548798) (0.22398561343063023,0.97459245070752765) (-0.49231218833539847,0.87041869764867208) (0.7174028938765975,-0.69665851595848816) (-0.73694717307649582,-0.67595034144126398) (0.81424305265514341,0.58052411767542733) (0.68569487327321921,-0.72788909922241818) (-0.94464180600095271,0.32810342630831768) (0.71449886248889993,0.69963660246021087) (-0.80080335750053955,0.59892736004949998) (0.44563606708751136,-0.89521421777738563) (-0.75684355188766683,-0.65359608166363747) (-0.10871828928138447,-0.99407259975100848) (0.63821248931349761,-0.76986025906281796) (-0.99393765532804224,0.10994515596875332) (-0.65671801084968495,0.75413623054832257) (0.97852771588697829,-0.20611528143496038) (-0.37288896069137956,0.92787597392889887) (-0.7089088539803261,0.70530010403253229) (0.03395515811954497,0.99942335736017129) (0.83879535096066227,-0.54444683781502468) (0.33460176107973927,0.94235962428487829) (0.13756008661669286,-0.99049342378937955) (0.98826296393227919,-0.15276227976757628) (-0.9138041386431579,-0.40615513809212789)
 (1,0) (0.26050669255225145,-0.96547204161253974) (-0.52667973265000922,0.85006379714449376) (0.86182559057917585,-0.50720474309972063) (0.64103525350491342,0.76751143559160806) (-0.98001658934231495,-0.19891577266234117) (0.51317765033775076,0.85828241225940538) (-0.7652501347584284,0.64373304346771432) (0.98035207956906789,0.19725567186928172) (-0.9977008443736235,0.067771860946554519) (-0.99952265241242078,0.030894454428558704) (0.40515741876529471,-0.91424693930001411) (0.17056039764206588,-0.98534722344774472) (0.52605672610103305,0.85044948170003776) (-0.20635375665199124,-0.97847745355506799) (-0.92652389927249867,-0.3762359154531687) (-0.010125845664015365,-0.99994873231060599) (-0.93899281099377441,-0.34393676875555074) (0.99178983826752565,-0.12787852325263405) (0.051886938898829893,0.99865296553492899) (0.99979009623340609,0.020488130065901999) (-0.27258776289165776,0.96213092223549346) (0.55984646051330011,0.82859636775134948) (-0.99988076725601172,0.015441867488371397) (-0.9308898326813857,-0.36530004025515933) (-0.089067391760438486,0.99602560194253653) (-0.94622177309000388,-0.32351871063418958) (0.83457622567636336,0.55089247910621753) (-0.88469249410750228,-0.46617506461612229) (-0.72723546483078072,-0.68638806712555633) (0.95834271454116648,-0.28562080016320363) (0.7687269141244607,0.63957715054611164) (-0.24117191129361032,0.97048241055826812) (0.60244330090006804,0.7981616811151917) (0.54712091728939793,0.83705358362795845) (0.17788164514663918,-0.98405188903833951) (-0.091967887377748692,0.99576197341095152) (-0.78312454061435655,-0.62186490002857731) (-0.16286080716212936,0.9866490548774165) (0.74781408913945679,-0.66390819251197952) (0.70081239108868199,-0.7133456332638225) (-0.2805519287101842,-0.95983884860792912) (-0.81253918154016003,0.58290657781676003) (0.137560086616693,-0.99049342378937966) (0.1366945819475045,-0.99061324000146289)
 (1,-5.5511151231257827e-17) (-0.85530057479243171,-0.51813215182975769) (0.90282531710029401,-0.43000749621692935) (0.62025062272200626,0.78440370028000483) (-0.15060546910793837,-0.98859394731850192) (-0.48625305677162312,-0.87381803871301078) (0.98165530068677775,-0.19066428777710465) (0.3132458195444402,0.94967207842387957) (-0.926193504459209,-0.3770485277753608) (0.89609062380587701,-0.44387114563484875) (-0.98212213120575509,-0.1882448389620959) (0.99771117465536963,-0.067619612301475562) (-0.46804176426358918,-0.88370634653431535) (0.29242204114873793,0.95628936512459717) (0.24218660529782182,0.97022968838018797) (-0.86856639442055783,0.49557281854765955) (0.46025552590958652,0.88778648946111427) (-0.78971961809181757,-0.61346794928578996) (-0.42492298965372155,-0.9052295028686056) (0.60905831179393566,-0.79312544583736599) (0.63735441493291278,-0.77057079477847079) (-0.87083328403122284,0.49157846924310622) (0.982211030370014,0.1877804351349594) (0.74682071971038899,0.66502542253003849) (0.98715774447771343,-0.15974851335043044) (0.99999798830018172,0.0020058403697604255) (-0.9967714394059074,-0.080291329448920867) (-0.9054150986145747,-0.42452738333440737) (0.99362081252541179,0.11277269579263771) (0.67995623545944905,-0.73325269713776964) (0.9837252923421137,-0.17967901715677037) (0.97512147607884714,0.22167116837741896) (-0.87453808926835241,-0.48495683356239022) (-0.99991636680298046,0.012932880557997795) (0.065691379159354746,0.99783998852728906) (0.0088008091417670076,0.99996127212930097) (-0.9865153481942206,0.1636687745944066) (-0.31347898914831784,-0.94959513655165062) (-0.66962916917311976,0.74269561449662325) (-0.87685201729049633,-0.48076037666761412) (-0.35749401010202841,0.93391543125765442) (-0.97550711858936023,0.21996786488367631) (-0.28055192871018425,-0.95983884860792901) (0.33460176107973932,0.94235962428487852) (-0.65153264414533207,0.75862059925432446)
 (1,-5.5511151231257827e-17) (0.99961323123791346,-0.027809853183681343) (0.67122599250499115,0.74125276861924083) (0.6209357654436094,0.78386145152887743) (-0.65184335322331788,0.75835363970813885) (-0.51036574064465579,-0.85995744707295385) (-0.99515964078537356,-0.098271508342581138) (-0.85562261347286184,0.5176001770806008) (0.19365472480376583,-0.98106974653241474) (0.66422221911215351,-0.7475351788629927) (-0.71428483667062292,0.69985510793479311) (-0.91313939728698512,0.40764744709413048) (-0.026418364322073562,0.99965097410373516) (-0.99907191113621163,-0.043073383645114538) (-0.53110098913829018,-0.84730852665149625) (-0.42869801164288657,0.90344784841928538) (-0.92710221421341599,0.37480859702064206) (-0.92859356299406448,0.37109836265603202) (0.64575954676982106,0.76354083568309228) (0.97406306749147176,-0.22627669024692965) (0.73479471747314851,-0.67828955702823313) (-0.40393103191628754,-0.91478944104916471) (-0.92213379683932928,-0.38687111642856353) (-0.80646628955785171,0.59128007222194756) (0.99994944530535768,0.010055189382010499) (0.44925572811123565,-0.89340320726939593) (-0.54742235865766165,-0.83685647589158452) (0.92750761564753692,-0.37380425748755297) (0.82280945537299854,-0.56831734105936704) (-0.19545894586289325,-0.98071188454212477) (-0.69033136976454523,-0.72349333094300694) (-0.9713481604449502,0.23766100058741435) (0.85945923841730398,-0.51120428157356901) (0.31710155496359493,0.94839158781574573) (0.99998945538529649,-0.0045922889955047341) (-0.068045300657411933,-0.99768223250614319) (-0.60221642667020781,0.79833287258421626) (-0.41045801892869926,0.91187949571044036) (0.67580058058960302,-0.7370845102664656) (0.87798378706656077,0.47869036928714159) (-0.8524525510031975,0.52280459857210648) (-0.35749401010202841,0.93391543125765453) (0.7008123910886821,-0.71334563326382283) (0.83879535096066238,-0.54444683781502479) (0.33542502819011522,0.94206690339044408)
 (1,-5.5511151231257827e-17) (0.52008495569279767,0.85411453497878098) (-0.25387192354179716,-0.96723784377845101) (-0.99592004105225596,-0.090240078847881433) (-0.98200387595712479,-0.18886076248173711) (-0.98132689215457203,0.1923474219589365) (-0.4336324340354345,-0.90108984688126559) (0.69822254959662744,0.71588076607406093) (0.52241933379212802,0.85268871206331021) (-0.01559374761838711,0.999878410125558) (-0.99417748014429685,0.10775499048273673) (-0.94513580919535023,0.32667767321420782) (0.66379072282747098,-0.74791836204774642) (-0.037435966985781111,0.99929902850740282) (0.67369033222524299,0.73901375918601253) (0.92438873030329483,-0.38145179942983803) (-0.9983058068145515,-0.058185187808818317) (0.69294120587101216,-0.7209940951256304) (0.63730376051163884,0.77061268925298798) (-0.84711431364312584,-0.53141070710038818) (0.54542764426346591,0.83815791165698972) (0.69624525504227552,-0.7178039738195352) (0.99971656813015797,-0.023807213319872456) (0.80958686756836395,0.58700008846749263) (-0.95579094902526607,0.29404704004866428) (0.99312983554853029,0.11701764714498725) (-0.59276822269516038,-0.80537310245799709) (-0.0088931692741431312,0.99996045498822594) (-0.93074655878419299,0.3656649331168923) (0.13702895648485092,-0.99056704219586877) (-0.60893396346055229,-0.79322092013777745) (-0.2283819529319287,0.97357161193976749) (-0.99866959053826365,-0.051565966820532771) (-0.30878146232542331,-0.9511330130555733) (0.67231271672057158,-0.74026725642554569) (-0.5021545975800995,-0.86477786750654495) (0.99769971181676509,0.067788531778922967) (-0.65524150943436599,0.75541946249363534) (-0.56964365745946821,-0.8218917833365893) (-0.011633306093742857,-0.99993233080510391) (0.87798378706656055,0.47869036928714154) (-0.87685201729049633,-0.48076037666761406) (0.74781408913945679,-0.66390819251197952) (0.033955158119545026,0.9994233573601714) (0.88926706731502403,0.45738832843540622)
 (1,0) (-0.20526401771017069,0.97870663788158641) (0.99975504555696981,-0.022132529981475024) (0.24504798497653529,0.96951095148994559) (0.99114353096749341,0.13279495856879947) (0.040108702172018826,-0.999195322251899) (-0.79776302174250591,-0.60297111136460424) (-0.84395722347448143,0.53641048176302775) (0.99969076455121475,-0.024867152450704394) (0.024703917873199893,-0.99969481165089269) (0.99787919012251325,-0.065093178755047554) (-0.46414463681086976,-0.88575942338747082) (0.99999140263007524,-0.0041466451420600625) (0.99678463184783006,-0.080127384282695543) (0.9999608319781037,0.0088506784857509679) (-0.98329746672490004,-0.18200574697628324) (0.022513642840347223,0.99974653582098361) (0.92458312552043598,0.3809803722015897) (-0.35447707420986846,-0.93506470570737044) (-0.24335579725410905,-0.96993708865205086) (0.82222150016415196,-0.56916764197186365) (-0.12127463880168522,0.99261899134739551) (-0.33823557283248473,0.94106147369376492) (-0.57353088750025738,-0.81918393605048589) (-0.14392122081939518,0.98958914818113042) (-0.84594766947089572,-0.53326591914049815) (0.97379082684401475,-0.22744543423522467) (-0.64983431736176467,0.76007589093390426) (0.69709467076265808,-0.71697909313612485) (-0.9006476474542362,0.43455012959973865) (0.41973629664876361,-0.90764609913533012) (-0.88724135880915156,0.46130550746602761) (-0.95675820920088306,0.29088439134253935) (-0.85624001015899587,0.51657820802171139) (-0.99747887099036536,0.070964089001313568) (-0.56569851540548899,-0.82461214499182955) (0.93464609076392979,0.3555793652895276) (0.62960458008704923,0.7769157436514007) (0.42517718958786693,-0.90511013553830177) (-0.56964365745946821,-0.8218917833365893) (0.67580058058960302,-0.73708451026646549) (-0.66962916917311965,0.74269561449662336) (-0.16286080716212928,0.9866490548774165) (-0.70890885398032621,0.7053001040325324) (-0.98012386197722334,-0.19838652974144277)
 (1,5.5511151231257827e-17) (0.4636214392172725,-0.88603338599519121) (-0.53448826392145909,-0.8451758963258621) (0.96579034149609255,0.25932415289143435) (-0.070542192615292543,0.99750879648303181) (0.25577625463126913,-0.96673600717403707) (-0.9152942979166736,0.40278573485318675) (0.7207659992214811,-0.69317845780596765) (0.4414449437474936,-0.89728833807186514) (0.67865454851894869,0.73445762558131378) (0.97604617391644166,0.21756347667537024) (-0.16375778688764203,-0.98650057639803745) (0.12101818406668191,-0.99265029044734676) (-0.50974743380829568,-0.86032409807342713) (-0.16576859576024433,0.98616467826609777) (0.93434349052377308,-0.35637373881341394) (-0.73605325764838203,0.67692363077765683) (-0.55258902136671384,0.83345388202645965) (-0.89529016520285076,0.44548346780890963) (0.35055164181560283,-0.93654340338309194) (-0.90705595683707496,-0.4210100843998606) (-0.93293188279818762,-0.36005291563689296) (0.028189655388431489,0.9996025926982588) (-0.99944274607832584,-0.033379594236814358) (-0.68339703130721507,0.73004691465719129) (0.95821125534679796,-0.28606151458508633) (0.88183290039831497,0.47156201689183469) (0.1820266147881161,0.98329360391938769) (-0.98483798366370956,-0.17347664376854011) (-0.82572727284391512,0.56406956209473791) (0.99262804405764582,0.12120052042088053) (0.63425693821775919,0.77312232946839177) (0.66663701999819491,0.74538250822508934) (0.81720876475072191,-0.57634176910458146) (-0.024614851709861496,-0.99969700863576694) (0.42277797887848867,-0.90623329257725904) (-0.84529092746902568,-0.53430632406752765) (-0.10978445907468487,-0.99395541778576668) (0.62960458008704911,0.7769157436514007) (-0.65524150943436599,0.75541946249363512) (-0.41045801892869932,0.91187949571044014) (-0.31347898914831773,-0.9495951365516504) (-0.78312454061435632,-0.62186490002857731) (-0.37288896069137978,0.92787597392889876) (0.27041937666009774,0.96274262434295643)
 (1,0) (0.57710403155592493,0.81667064154522995) (-0.98293946026743595,-0.18392938169080286) (0.98122270324088001,0.19287821713366049) (-0.86942258955397178,0.49406918622118634) (-0.62067483480461949,0.78406807704449899) (0.27396448785430388,-0.96173980857336239) (0.97661911669331647,0.21497697762589629) (-0.74448246286968933,-0.66764201671216028) (-0.20815570428722641,0.97809570225652642) (-0.077699698827021046,-0.99697680855784676) (0.8289893999679121,0.55926431563335077) (0.61135420287112374,0.7913570866756755) (0.064067161618260593,-0.99794558909901454) (-0.1843392868383501,0.98286266961764657) (-0.96460824663534295,-0.26368718308459593) (0.72940020401019268,0.68408723302652663) (0.3315518841817654,-0.943436986817626) (0.97876747074704562,0.204973750044805) (0.66861202979606837,-0.7436114264936905) (0.99827686239479307,-0.058679689903813281) (-0.95199126339294093,-0.30612519403588984) (0.63815338460707982,-0.76990925290876144) (0.13329324592219544,-0.99107664213799573) (-0.95552987952716706,-0.29489430196393629) (-0.71134427430224711,0.70284374039853903) (0.11179653114181604,-0.99373111837390748) (-0.53100702709616332,-0.84736741569079332) (-0.24014452254646856,-0.97073714685847245) (-0.74999322872821983,0.66144550558743609) (-0.4307033809340054,0.90249354438246077) (-0.50135360582959887,-0.86524248735349241) (0.44728619386867063,0.89439088813251999) (0.83906075867746432,-0.54403772226528313) (-0.92957891633546397,-0.36862316571884596) (-0.81715333306208771,0.57642035899638389) (0.87555192676714066,0.48312402500222151) (-0.8452909274690259,-0.53430632406752787) (0.93464609076392979,0.35557936528952777) (0.99769971181676509,0.067788531778923078) (-0.60221642667020781,0.79833287258421604) (-0.9865153481942206,0.16366877459440654) (-0.091967887377748581,0.99576197341095174) (0.97852771588697851,-0.20611528143496038) (-0.97883280883440338,0.20466150676018996)
 (1,0) (0.77575296147770278,-0.6310367206102776) (-0.83048870267845698,-0.55703546989707364) (-0.6407906917233861,-0.76771563055643477) (0.60733550788644441,0.79444545493086871) (-0.014527130348896133,0.99989447567422141) (0.81343976874455959,0.58164915767565317) (0.66669644948319495,0.74532935286791269) (-0.99718223685994278,-0.075017241291580328) (0.40392817288185673,-0.91479070346846303) (-0.68940474726783141,-0.72437634862312883) (-0.97396379965732716,-0.22670358831977427) (-0.032509592499047335,0.99947142350121554) (0.70902203574906275,-0.70518632489736732) (0.75398343302042203,0.65689343331375916) (-0.21627173230627594,0.97633321043854782) (-0.96793292683829302,0.25120877600564911) (-0.1951079867862211,0.98078176649661863) (0.1085787562768058,0.99408785008437894) (0.23577432212845056,0.97180783544117877) (0.24522957042982918,-0.96946503690788277) (-0.24727085042680685,-0.9689464002354331) (-0.84341821115826887,-0.53725759286080366) (0.7064891875377991,0.70772383589376187) (-0.94541207817236717,-0.32587728126674698) (-0.26734571454771544,0.96360067917834713) (0.90263077278577553,-0.43041571534988499) (0.84498109188751402,0.53479618019632902) (0.77317315063598913,-0.63419498510759098) (-0.3555174594127552,0.93466964006150333) (0.96788419255119806,0.25139647931010367) (-0.26586436249699863,-0.96401044639260203) (-0.93248818070975448,0.36120048842244479) (-0.36812673209312197,-0.92977562299645122) (-0.34178908399042424,0.9397766873385327) (0.96108107777889518,-0.2762664690753428) (-0.81715333306208771,0.576420358996384) (0.42277797887848861,-0.90623329257725926) (-0.5656985154054891,-0.82461214499182967) (-0.50215459758009962,-0.86477786750654517) (-0.068045300657411767,-0.99768223250614307) (0.0088008091417670076,0.99996127212930108) (0.17788164514663907,-0.98405188903833951) (-0.65671801084968506,0.75413623054832279) (0.64974109310626937,-0.76015558402807881)
 (0.99999999999999989,0) (-0.99967605840907225,0.025451488044906462) (0.92480998432020611,-0.38042935336493111) (-0.35950394285028586,0.93314356616498062) (-0.63337457403968078,0.77384536501813606) (-0.85974619367080485,-0.51072153123650765) (-0.81206527819380825,-0.58356660626873691) (0.96352808674829193,0.26760722345851495) (0.21228575387308257,0.97720763336280536) (-0.40528659680595402,0.91418968187649485) (0.10270413226128955,-0.9947119488658287) (0.97941823594241817,0.20184132159555485) (-0.31944496022013469,0.94760483187347466) (-0.84456997956238911,-0.535445188251781) (0.50322681285468929,-0.86415436978824001) (-0.16334074531529269,-0.9865697141712001) (0.34726901153263329,-0.9377655536588807) (0.15287640233084843,0.98824531651325109) (-0.39591213582642681,0.91828839734876111) (0.99457720835118035,0.10400084917140456) (-0.065118715680987399,-0.99787752398180529) (0.75572101759470267,0.65489368875079801) (-0.61598369245369378,0.78775890387295067) (-0.9684142601871133,0.24934678796055273) (-0.99746934511716723,-0.071097858979920159) (0.81957374989025089,-0.57297370663131841) (-0.95285376985579306,0.30342988196880472) (0.61683653183760601,-0.78709128631344449) (0.88870957793155081,-0.45847059457802075) (0.83840279014572672,0.54505115491654532) (-0.91022334679041883,-0.4141176873277076) (0.98062194685042348,0.19590966631405238) (0.85567543971368865,0.51751284222788618) (-0.93064856983957045,-0.36591425150649948) (-0.35815712035527336,-0.93366132892972342) (-0.34178908399042424,0.93977668733853248) (-0.92957891633546375,-0.36862316571884596) (-0.024614851709861663,-0.99969700863576683) (-0.99747887099036503,0.070964089001313596) (0.67231271672057147,-0.74026725642554547) (0.99998945538529627,-0.0045922889955046509) (0.065691379159354718,0.99783998852728895) (0.54712091728939782,0.83705358362795812) (-0.99393765532804212,0.10994515596875336) (0.65783751279481428,-0.75315988127351208)
 (1,0) (-0.99934650177184925,0.036146499088667738) (-0.96729043397339809,-0.25367147325538075) (-0.58431547476602042,-0.81152660212032479) (0.98597565461421377,0.16688921028057133) (0.28895584988506712,-0.95734242401410319) (0.90607344969410841,-0.42312043647100955) (-0.96572663886894416,-0.2595612817407314) (0.71367692718695708,0.70047501283127989) (0.99309414703265397,0.11732013948800696) (-0.093533934752944026,0.99561609220102054) (0.49227927050924897,0.87043731527714374) (0.28498360631290753,-0.95853239075833485) (-0.66226172414176054,-0.74927258640416239) (-0.95722183577190101,-0.28935507101392099) (-0.9344309650773952,0.35614431275050229) (0.038103749912491935,0.99927378842968073) (-0.90286542543558146,-0.42992327635640437) (-0.046498239012189913,0.99891837192473609) (0.82002404812011853,0.57232906662574246) (-0.96474079144813152,-0.26320183380066814) (0.92474911423577666,0.38057729270168805) (0.046025909161769463,-0.99894024630396816) (0.1654890987316075,0.98621161938044555) (0.5588324399340443,-0.82928059429686551) (0.63590835695408965,-0.77176457651018804) (0.93195114488466202,0.36258387105353673) (-0.7108318015047822,0.7033620333579752) (-0.37697021981424589,-0.92622537936141547) (0.71341033631439055,0.7007465248146354) (-0.58854310333323601,0.80846584066297111) (-0.93613076697927655,-0.35165208248322805) (-0.84121534859649294,0.54070022867174794) (0.28919401338089834,0.95727050650516166) (-0.93064856983957056,-0.36591425150649964) (-0.36812673209312174,-0.92977562299645111) (0.83906075867746421,-0.54403772226528291) (0.81720876475072179,-0.57634176910458157) (-0.85624001015899576,0.51657820802171139) (-0.30878146232542314,-0.95113301305557318) (0.31710155496359471,0.94839158781574551) (-0.99991636680298035,0.012932880557997739) (0.60244330090006804,0.79816168111519159) (0.63821248931349772,-0.76986025906281796) (0.99288236099788696,-0.11909919067424685)
 (1,0) (-0.71817222124334501,0.69586540410800646) (-0.88341485309998191,0.46859171708678055) (0.65241873945818407,0.75785868630226449) (-0.013227353132094909,0.99991251473772391) (-0.5746938523352394,0.81836848429548092) (0.98761430691673513,0.15690118155506749) (0.039883512062687469,-0.99920433619232529) (-0.99941345430451956,-0.034245399035585211) (0.36543252211790811,-0.93083783323334301) (0.5901914636213802,-0.80726330045930661) (-0.95128918943437235,-0.30829998064432979) (0.39711562785602111,-0.91776858636179026) (0.99701084459651934,0.077261735399452136) (-0.98754574285593533,0.15733215109162726) (0.9714775006089712,0.23713174779127741) (0.5639416101832877,-0.82581466462147612) (0.77641927053994886,-0.63021672171897569) (-0.99603599726652658,0.088951066037878807) (0.88482759935617494,-0.46591857595248209) (-0.99927718351464123,-0.038014609126580251) (-0.011544702642927666,-0.99993335769984559) (-0.84738935812738247,-0.53097201030982966) (-0.99857025028255453,-0.053455170476175595) (-0.99850209273447099,0.05471353401931308) (0.88813077813778463,0.4595908190166258) (0.80571621243429092,-0.59230176854416039) (0.6717283435030954,-0.74079756515163242) (0.83823033870955588,0.54531632954356168) (0.13233471595677715,-0.99120508622213921) (-0.095632648249282109,0.9954166949518326) (0.17100751953813448,0.98526972360943599) (0.41524082915173172,-0.90971152229999974) (-0.84121534859649294,0.54070022867174794) (0.85567543971368876,0.51751284222788629) (-0.93248818070975426,0.36120048842244473) (0.44728619386867052,0.89439088813251966) (0.66663701999819491,0.74538250822508945) (-0.95675820920088284,0.29088439134253918) (-0.99866959053826354,-0.051565966820532994) (0.85945923841730387,-0.5112042815735689) (-0.87453808926835241,-0.48495683356239011) (-0.24117191129361029,0.970482410558268) (-0.10871828928138445,-0.99407259975100848) (0.050488891364967016,0.99872462263065087)
 (1,0) (0.74363868625781337,0.66858171101276165) (0.96084559395082292,0.27708436366076133) (0.046965259816436594,-0.99889652335483392) (-0.98988111116926192,0.14189920982974802) (-0.37918166639602147,0.92532224866212753) (-0.39656683717244195,0.91800585164531756) (-0.8443419242619592,-0.53580473582603871) (-0.96708212532133286,0.25446446290979846) (0.9062007360716029,-0.42284775740600089) (-0.73041561467169425,0.68300295009887779) (0.70481220522454247,-0.70939393524791028) (0.91981609146781218,-0.39234979020878397) (0.12750116975313472,-0.991838420163074) (-0.83956661761104268,-0.54325674831809667) (-0.2773179814766204,-0.96077819352321492) (0.42319317751225671,0.90603947734471213) (0.11319732262589804,0.9935725268697434) (-0.9592062660567876,-0.28270716148940023) (0.77180048570703463,-0.63586477356619164) (0.90220902718816076,0.43129905084545839) (-0.95271933005433795,0.30385173710349789) (0.99605014681535642,0.088792482953834628) (0.87838986231842087,0.47794481875654293) (-0.99538388250119791,-0.095973571658252071) (-0.97156196685089924,0.23678543994260265) (0.61023798758494241,-0.79221815083238178) (-0.9436568125675513,0.33092570177435288) (-0.43834233229017411,0.89880809949755647) (0.85582377335622251,-0.51726750232188001) (-0.57843798517032319,-0.81572636178567659) (0.71497991779976267,-0.699144990072191) (0.17100751953813453,0.98526972360943588) (-0.93613076697927655,-0.35165208248322788) (0.9806219468504237,0.19590966631405238) (-0.26586436249699863,-0.96401044639260192) (-0.50135360582959887,-0.86524248735349218) (0.63425693821775941,0.77312232946839166) (-0.88724135880915156,0.46130550746602761) (-0.22838195293192873,0.9735716119397676) (-0.97134816044495009,0.2376610005874143) (0.97512147607884703,0.22167116837741885) (0.76872691412446081,0.63957715054611164) (-0.75684355188766683,-0.65359608166363747) (0.60542997469137216,-0.7958985775494275)
 (1,0) (-0.99950443370266073,-0.031478357783150779) (0.46968172861916552,0.8828358136150305) (0.11436966316659761,-0.99343826186993589) (-0.99635205402508498,0.085338059738869543) (0.89269225592343704,-0.45066676848235221) (-0.49371851219253171,-0.86962177451947065) (-0.11461358495575413,0.99341015001035227) (-0.41918167800314166,-0.907902374061479) (-0.14137321458513721,0.98995636984559354) (0.76960816597145854,-0.6385164609233247) (0.26574467671812146,-0.96404344652924301) (-0.59337735992148355,-0.8049244118130664) (-0.18519708758932985,0.98270139856847183) (-0.075921522821474352,-0.9971137960997577) (0.24693683230538149,0.96903157887190849) (0.087289351284731476,0.99618299983100078) (0.96117188560537792,-0.27595036930905203) (-0.15358046104883014,0.98813614546985828) (-0.52824771753626365,0.84909030669165453) (-0.89634521046242743,0.4433568130536254) (-0.82440795778676934,0.5659960416273685) (0.78894783988591055,0.61446017441275724) (0.78174289233730032,-0.62360087418164667) (-0.98724926035401084,0.15918196484042707) (0.70454834076443884,-0.70965599802022206) (-0.68967901376402685,-0.72411522423815955) (0.24950869575913709,-0.9683725578208906) (-0.24731648611938131,0.96893475306315702) (-0.97940320377851176,-0.20191425018652748) (0.41069084011920742,0.91177466176801636) (-0.57843798517032319,-0.8157263617856767) (-0.095632648249282137,0.99541669495183283) (-0.58854310333323612,0.80846584066297134) (-0.91022334679041916,-0.41411768732770771) (0.96788419255119795,0.25139647931010373) (-0.4307033809340054,0.90249354438246099) (0.99262804405764604,0.12120052042088034) (0.41973629664876355,-0.90764609913533012) (-0.60893396346055217,-0.79322092013777756) (-0.69033136976454523,-0.72349333094300716) (0.9837252923421137,-0.17967901715677032) (0.9583427145411666,-0.28562080016320379) (0.44563606708751136,-0.89521421777738586) (0.71738878066051714,0.69667304912879779)
 (1,0) (0.088842562557409521,0.99604568122061099) (-0.25766644804221139,0.96623392693141885) (-0.70008140661172846,-0.7140630393155375) (0.1378075060500385,0.99045903058948781) (-0.50641118591376721,-0.86229212612745809) (0.99699307662852354,0.077490677857340096) (-0.59806482105245751,0.80144773367917854) (0.84340081058194449,0.53728490832119735) (0.15323873371852192,0.98818919771891034) (0.97261239746857564,-0.23243305335177489) (0.97848099467448524,0.20633696484350239) (-0.29735635714346315,0.95476656668861692) (-0.16546985575742384,-0.98621484821291205) (0.99049106295709333,-0.13757708458215845) (0.85224789778251386,0.52313814688405769) (-0.98448876503495164,0.17544763184481921) (-0.050434154776058948,-0.99872738824567331) (-0.13200415002435811,-0.99124916361949389) (0.29902198980482686,-0.9542462206438973) (-0.78637324906222605,-0.6177516597786834) (-0.9984008877696402,0.056530233510871442) (0.24580505777516348,-0.96931928360687669) (-0.21919754326693031,-0.975680499459604) (0.99294719995249969,0.11855740426684197) (-0.91896066093837536,-0.39434921535068856) (0.13890267870141937,-0.99030603646023008) (-0.281271789405873,0.95962814698424603) (-0.65857501760691695,0.75251508036985371) (0.12068033810220141,0.99269142032936775) (-0.97940320377851164,-0.20191425018652742) (0.85582377335622262,-0.5172675023218799) (0.13233471595677737,-0.99120508622213932) (0.71341033631439066,0.7007465248146354) (0.83840279014572683,0.54505115491654543) (-0.35551745941275525,0.9346696400615031) (-0.74999322872821961,0.66144550558743609) (-0.82572727284391512,0.56406956209473813) (-0.90064764745423609,0.43455012959973854) (0.13702895648485103,-0.99056704219586855) (-0.1954589458628932,-0.98071188454212477) (0.67995623545944894,-0.73325269713776953) (-0.72723546483078072,-0.68638806712555644) (-0.80080335750053966,0.59892736004949998) (0.92111375834559817,0.38929351932243417)
 (1,3.4694469519536142e-18) (-0.27820523454078461,0.96052165382884824) (0.87223250017046905,0.48909146961112571) (0.33811196242422886,-0.94110589248268761) (0.61113560955754509,0.79152591033441633) (-0.97741417864205982,0.21133273146738693) (0.3755107089591927,-0.92681805520661009) (0.035094750422541683,-0.99938398951192831) (0.10627742761700883,0.99433651666782785) (-0.34665059092401401,-0.93799433250528286) (0.98732477666237561,-0.15871290240112357) (0.50905881364126937,0.8607317376826199) (-0.81869531134316353,-0.57422816648499542) (-0.90939256556811943,0.41593889177309823) (-0.99285205826228262,0.11935154127344844) (-0.75744688811378091,0.65289678486476543) (-0.83852552035270489,0.54486232363526976) (0.97333032854024004,0.22940808953423247) (-0.89264492346259605,-0.45076051359502933) (-0.37831122120878941,0.92567846464499393) (0.70816722450262903,0.70604474514030813) (-0.1308746976398262,-0.99139891744831099) (0.91851796539413388,-0.39537924483743303) (-0.96549510848346065,0.26042118864353214) (0.80877746614095503,-0.58811479343969542) (0.49327696444254343,0.86987231037109691) (-0.99106062392691874,-0.13341229216824388) (-0.99989641804102192,0.01439281726185068) (0.90129722536334433,-0.43320123678532524) (-0.65857501760691695,0.75251508036985371) (-0.24731648611938128,0.96893475306315702) (-0.43834233229017416,0.89880809949755658) (0.83823033870955599,0.54531632954356168) (-0.37697021981424589,-0.92622537936141547) (0.88870957793155092,-0.45847059457802075) (0.77317315063598924,-0.63419498510759076) (-0.24014452254646859,-0.97073714685847234) (-0.98483798366370956,-0.17347664376854) (0.69709467076265808,-0.71697909313612485) (-0.93074655878419299,0.36566493311689219) (0.82280945537299843,-0.56831734105936682) (0.99362081252541168,0.11277269579263779) (-0.88469249410750217,-0.46617506461612224) (0.71449886248889993,0.69963660246021087) (-0.32715963682342575,-0.94496908522637013)
 (0.99999999999999989,0) (-0.52754705725674289,-0.84952581030816843) (-0.99901904196952607,-0.044282657805163279) (0.97079250050740507,-0.23992065554799125) (-0.36600140269501708,-0.93061429885064584) (0.00097537814603069345,-0.99999952431862249) (0.99095395819115739,-0.13420228293615594) (0.87989537960455788,-0.47516746621643813) (0.99978576610573666,0.020698354822612737) (0.2902904045552952,0.95693859835577866) (0.36498881779870151,-0.93101190265318579) (-0.96262551070536861,-0.27083597644926455) (0.82369414623726489,0.56703434944848163) (0.81739365125271268,0.57607952479823277) (-0.93910379755999518,-0.34363360925321962) (-0.040125460749071085,0.99919464940504643) (0.89346229542930267,0.44913820439392604) (-0.5352179493051441,0.84471400292737853) (0.087979511981119599,0.99612228439663075) (-0.9887197146765162,-0.14977758780934924) (0.99953291479504602,0.030560632213991398) (-0.75185419992052327,-0.65932940330450063) (-0.96841837334998759,-0.24933081269302143) (0.98291259606736314,-0.18407288907417929) (0.99808057889149315,0.061928652816137533) (-0.86267810583890692,0.50575338427557248) (-0.99852934363264612,0.054213927219458814) (-0.75625551379742351,-0.6542763925521029) (-0.99989641804102181,0.014392817261850641) (-0.28127178940587294,0.95962814698424581) (0.24950869575913703,-0.96837255782089027) (-0.94365681256755107,0.33092570177435282) (0.6717283435030954,-0.74079756515163242) (-0.71083180150478198,0.70336203335797509) (0.61683653183760589,-0.78709128631344438) (0.8449810918875138,0.53479618019632891) (-0.53100702709616321,-0.84736741569079321) (0.18202661478811627,0.98329360391938769) (-0.64983431736176445,0.76007589093390393) (-0.008893169274143263,0.99996045498822572) (0.92750761564753659,-0.37380425748755269) (-0.9054150986145747,-0.42452738333440726) (0.83457622567636325,0.5508924791062173) (-0.94464180600095282,0.32810342630831768) (0.24364069266113941,-0.9698655643333246)
 (1,-5.5511151231257827e-17) (-0.90658679748296311,-0.42201940551304584) (0.19675167022613077,-0.98045335445559489) (-0.27861085071477754,0.96040407842948461) (0.029475179694792519,-0.99956551250128611) (0.29136447599535448,0.95661211686239533) (0.4795210944888767,0.87753035271732271) (0.99972790703475578,-0.023326206204740241) (0.88615036562579053,0.46339780912438117) (0.73388940338172115,-0.67926897736023628) (0.14580411213690098,0.98931347958266991) (-0.22588840005782318,0.97415318647495908) (-0.73917131071321895,0.67351746333595686) (-0.99966848801951991,-0.025747117523470919) (0.68640054720633159,0.72722368552932015) (0.068803365864068933,0.99763024054294536) (0.59552998375715327,-0.80333308063729403) (0.85594570890656785,-0.51706570511341399) (-0.9446693122622718,0.3280242223829315) (0.83315119117037251,0.55304528987361312) (0.7078689893297675,0.7063437505529826) (-0.81802950539673525,0.57517625846376252) (-0.50013334063946902,0.8659484058422906) (-0.99437955335625838,0.10587399995753333) (-0.90512785662463158,0.42513946319072726) (-0.91350643402262932,0.4068242802479472) (-0.6036382977846475,-0.79725830534880804) (-0.99852934363264645,0.054213927219458891) (-0.99106062392691907,-0.13341229216824385) (0.1389026787014192,-0.99030603646023008) (-0.68967901376402674,-0.72411522423815955) (0.6102379875849423,-0.79221815083238201) (0.80571621243429103,-0.59230176854416061) (0.93195114488466224,0.36258387105353673) (-0.95285376985579329,0.30342988196880488) (0.90263077278577553,-0.43041571534988499) (0.11179653114181592,-0.99373111837390748) (0.88183290039831519,0.47156201689183458) (0.97379082684401486,-0.22744543423522473) (-0.59276822269516027,-0.8053731024579972) (-0.54742235865766153,-0.83685647589158452) (-0.99677143940590751,-0.080291329448920867) (-0.94622177309000399,-0.32351871063418969) (0.68569487327321921,-0.72788909922241829) (0.99177876923602226,0.12796434227033648)
 (1,0) (-0.52564521070966819,0.85070389234914623) (-0.96546638745625657,0.26052764669448375) (-0.526004427327047,0.85048182957212293) (0.62248405043112798,-0.78263248524378093) (0.97449495867217706,0.22440939267889673) (-0.77824167259111476,0.6279648867911195) (0.96349643827099085,-0.26772114865866331) (0.87789742534659032,-0.4788487345392346) (-0.16705158012143367,-0.98594815765279065) (-0.46245296141425279,-0.88664381714372031) (-0.98484992934597482,0.17340881369534811) (0.78533335472288046,-0.61907311519699071) (-0.93142407735428767,-0.36393569229290201) (-0.33715748441074256,0.94144826236273849) (-0.87155612647768943,-0.49029574585060914) (-0.79805672378193648,-0.60258233099423197) (-0.96804236690882284,0.25078671390160084) (0.24372200944367595,-0.96984513305616771) (0.89707173973086329,0.44188493273276763) (-0.97297732198300224,0.23090069490320969) (-0.25585921207448348,0.96671405472177996) (0.77048696558125607,-0.63745575208745875) (0.96008440781569993,0.27971043932820372) (-0.23989576740764107,-0.97079865099818652) (-0.71892707100743491,-0.69508551025947152) (-0.9135064340226291,0.40682428024794692) (-0.86267810583890714,0.50575338427557248) (0.49327696444254326,0.86987231037109702) (-0.91896066093837525,-0.39434921535068862) (0.70454834076443873,-0.70965599802022183) (-0.97156196685089924,0.23678543994260243) (0.88813077813778463,0.4595908190166258) (0.63590835695408987,-0.77176457651018793) (0.81957374989025111,-0.57297370663131841) (-0.26734571454771555,0.9636006791783468) (-0.71134427430224689,0.70284374039853881) (0.95821125534679807,-0.28606151458508633) (-0.8459476694708955,-0.53326591914049815) (0.99312983554853029,0.11701764714498741) (0.44925572811123576,-0.89340320726939559) (0.99999798830018161,0.002005840369760592) (-0.089067391760438763,0.99602560194253642) (0.81424305265514341,0.58052411767542744) (0.23267313793763844,0.97255499118674571)
 (1,0) (0.60850986440147148,0.793546309251138) (0.9764670305290073,0.21566672967767331) (0.43984387023623495,-0.89807425629265802) (-0.2611311330691935,-0.96530333643989863) (0.94312603821589081,-0.33243537122153355) (0.97881683421221066,0.20473789356829994) (0.99624286323208866,-0.08660344946438514) (-0.37453949024002953,-0.92721096318515217) (-0.70677624117538584,0.70743716675758062) (-0.4451209882281042,0.89547043828304895) (-0.14506869312917448,-0.98942158571247729) (0.76059633950920946,-0.64922508294519243) (0.72223388446957459,-0.69164891102638926) (0.49429089665280185,0.8692965601485888) (-0.91902434465544869,-0.39420077870372533) (0.020363558562607631,-0.99979264124250644) (0.99299224059319535,0.11817956727668996) (0.62218188379026074,0.78287272495802429) (0.16873186257169492,0.98566199001132548) (-0.0018220633513406082,0.99999834004119481) (-0.92282522467098227,0.38521890492413641) (-0.85590089546592085,-0.51713988159939372) (-0.84281157252716365,0.53820874501840787) (0.87252554803170945,0.48856848857858737) (-0.23989576740764135,-0.97079865099818663) (-0.90512785662463169,0.42513946319072737) (0.99808057889149349,0.061928652816137492) (0.80877746614095503,-0.58811479343969575) (0.99294719995249991,0.118557404266842) (-0.98724926035401084,0.15918196484042713) (-0.99538388250119803,-0.095973571658252071) (-0.9985020927344711,0.05471353401931317) (0.5588324399340443,-0.82928059429686574) (-0.99746934511716756,-0.071097858979920103) (-0.94541207817236739,-0.32587728126674687) (-0.95552987952716706,-0.29489430196393634) (-0.68339703130721507,0.73004691465719151) (-0.14392122081939518,0.98958914818113053) (-0.95579094902526629,0.29404704004866439) (0.99994944530535768,0.010055189382010499) (0.98715774447771343,-0.1597485133504305) (-0.93088983268138603,-0.36530004025515939) (-0.73694717307649615,-0.6759503414412642) (0.0078694261511347841,0.9999690355866282)
 (0.99999999999999989,0) (0.77146299077550629,0.63627419707521526) (0.34624003648450258,-0.93814595726635719) (-0.65138791389700079,0.75874487519120182) (0.55604566729961535,0.83115174058490982) (0.06879497264383623,-0.99763081936101716) (0.83316970444404259,-0.55301739899990976) (-0.84111036081866664,-0.5408635326249045) (-0.41372413172194644,-0.91040229724606903) (0.78169471111712963,0.62366126912892905) (0.92729578752615527,-0.3743294303634786) (-0.53923705156241597,0.84215402523663752) (0.78630996708752521,0.61783220671863215) (0.51505137806794155,-0.85715930721792555) (-0.95250487507493176,0.30452333729697623) (-0.77588938100399985,0.6308689788262134) (-0.30869610988059165,-0.95116071814630243) (0.67048880206261285,0.74191964949625178) (-0.50253916539244226,-0.86455444435076911) (-0.96726629646350193,-0.25376349565250733) (-0.65819660263633706,0.75284608804056596) (0.37794487189077319,0.92582810165357754) (-0.3312531016833471,-0.94354193474649595) (0.90499372953218149,0.4254249046628939) (-0.84281157252716343,0.53820874501840776) (0.96008440781569981,0.2797104393282035) (-0.99437955335625805,0.1058739999575332) (0.98291259606736303,-0.18407288907417924) (-0.96549510848346054,0.26042118864353209) (-0.21919754326693017,-0.97568049945960356) (0.78174289233729999,-0.62360087418164623) (0.87838986231842076,0.47794481875654288) (-0.99857025028255442,-0.053455170476175595) (0.16548909873160747,0.98621161938044533) (-0.9684142601871133,0.24934678796055265) (0.70648918753779877,0.70772383589376164) (0.13329324592219538,-0.99107664213799551) (-0.99944274607832573,-0.033379594236814247) (-0.57353088750025705,-0.81918393605048567) (0.80958686756836362,0.58700008846749274) (-0.8064662895578516,0.59128007222194723) (0.74682071971038888,0.66502542253003838) (-0.99988076725601138,0.01544186748837139) (0.7174028938765975,-0.69665851595848804) (-0.11171042218645072,-0.99374080200770842)
 (0.99999999999999978,5.5511151231257827e-17) (-0.70118821754648586,-0.7129762152933159) (-0.22863857303790991,0.97351137790946607) (-0.58194946705929573,-0.81322494906969034) (0.22949475254048057,0.97330989851967631) (-0.15191235623951679,-0.98839396802173884) (0.07410493716354552,0.99725044912899696) (0.99320533224308272,-0.11637511763219285) (0.32943881752931503,-0.94417692489537353) (-0.74193034537179758,-0.67047696650704158) (0.38121668762810668,0.92448571491064857) (-0.98535079666932679,0.17053975343925423) (0.085521076666241147,0.99633636159975936) (-0.90179385206305585,-0.43216645911185037) (0.89096857125977702,-0.45406497886019659) (0.36256355652062422,0.93195904817921882) (0.96291828132998902,0.26979322356297164) (-0.82203736013310835,-0.56943355937755324) (-0.29075308350224549,0.95679812104431661) (-0.87486605363505487,-0.48436493287295745) (0.31664355594100196,0.94854460015385544) (0.41968459025186267,-0.90767000870642689) (0.97464054280250678,-0.22377625505319892) (-0.3312531016833471,-0.94354193474649606) (-0.85590089546592063,-0.51713988159939372) (0.77048696558125584,-0.63745575208745886) (-0.50013334063946902,0.86594840584229038) (-0.9684183733499877,-0.24933081269302146) (0.91851796539413377,-0.39537924483743303) (0.2458050577751634,-0.96931928360687658) (0.78894783988591044,0.61446017441275713) (0.99605014681535631,0.088792482953834739) (-0.84738935812738259,-0.53097201030982966) (0.046025909161769407,-0.99894024630396816) (-0.61598369245369367,0.78775890387295056) (-0.84341821115826865,-0.53725759286080366) (0.63815338460707971,-0.76990925290876122) (0.028189655388431545,0.99960259269825869) (-0.33823557283248462,0.94106147369376469) (0.99971656813015775,-0.023807213319872289) (-0.92213379683932883,-0.38687111642856353) (0.982211030370014,0.18778043513495934) (0.5598464605133,0.82859636775134915) (-0.49231218833539836,0.87041869764867186) (-0.9987530493560256,-0.049923405352983896)
 (1.0000000000000002,0) (0.59063487727211739,-0.80693893309825548) (0.98509596214926853,0.17200565501519638) (-0.61698276674285024,0.78697666137080413) (-0.15258812778377595,-0.98828986803439522) (0.99904657609595815,0.043657058890212486) (-0.89719784663402691,0.44162883057525248) (-0.97291318359887946,-0.23117079655417921) (-0.87064616944026663,0.49190979624214592) (0.97237842267195251,-0.23340994649329988) (0.8815945208271927,-0.47200752202424973) (0.942519605721583,-0.33415085340371509) (-0.83515923434544348,-0.55000823019981504) (0.89310163313147273,-0.44985494650820163) (0.74691602401684387,-0.6649183807557657) (0.76818821568357987,-0.64022407427780958) (0.91188389196305153,0.41044825201030932) (0.51402258092472419,0.85777665292282534) (0.99530047603646321,-0.096834716923168085) (-0.91890512248099765,0.39447861270059048) (-0.9725122147094587,0.23285186759161897) (0.71832813751229796,-0.6957044536713225) (0.41968459025186267,-0.90767000870642711) (0.37794487189077336,0.92582810165357787) (-0.92282522467098238,0.38521890492413635) (-0.25585921207448353,0.96671405472178029) (-0.81802950539673513,0.57517625846376241) (-0.75185419992052349,-0.65932940330450096) (-0.13087469763982618,-0.99139891744831121) (-0.9984008877696402,0.056530233510871386) (-0.82440795778676934,0.5659960416273685) (-0.95271933005433818,0.30385173710349789) (-0.011544702642927729,-0.99993335769984593) (0.92474911423577688,0.380577292701688) (0.75572101759470289,0.65489368875079823) (-0.2472708504268068,-0.96894640023543321) (-0.95199126339294105,-0.30612519403588989) (-0.93293188279818806,-0.36005291563689296) (-0.12127463880168532,0.99261899134739573) (0.69624525504227575,-0.71780397381953531) (-0.40393103191628738,-0.9147894410491646) (-0.87083328403122295,0.49157846924310633) (-0.27258776289165787,0.96213092223549368) (0.22398561343063028,0.97459245070752776) (0.38689971149818825,0.922121799570218)
 (1,0) (0.47216015797687028,0.88151278222114071) (-0.89685532052110295,-0.44232401478213895) (-0.869555021181592,0.49383607111862637) (0.0092550582007639437,-0.99995717103168968) (0.53900400891383393,-0.8423031986017957) (0.98275705280232839,0.18490152829893153) (0.95614504103138886,0.2928935993002984) (-0.27909317891746338,0.9602640248815657) (0.8030723750285409,-0.59588149867739515) (-0.8493696208896504,-0.52779849100747733) (0.99998168327283543,0.0060525299525185372) (-0.7580112666011074,0.65224145813171419) (-0.79692538719368522,-0.6040777493387709) (-0.92972669935822261,-0.36825027427072604) (0.48261738381575359,0.87583129701948736) (0.85440895508493675,0.51960113305367872) (-0.99836962362405912,-0.057079721659746119) (0.6999564266818139,-0.71418555064270661) (-0.93927335173171256,0.34316988610114785) (-0.64340305661045383,-0.76552760024987032) (-0.97251221470945837,0.23285186759161902) (0.31664355594100202,0.94854460015385533) (-0.65819660263633706,0.75284608804056585) (-0.0018220633513406082,0.99999834004119448) (-0.97297732198300202,0.23090069490320986) (0.70786898932976738,0.70634375055298237) (0.9995329147950458,0.030560632213991357) (0.70816722450262892,0.70604474514030791) (-0.78637324906222594,-0.61775165977868329) (-0.89634521046242699,0.44335681305362518) (0.90220902718816043,0.43129905084545811) (-0.99927718351464123,-0.038014609126580223) (-0.96474079144813141,-0.26320183380066797) (-0.065118715680987427,-0.99787752398180518) (0.24522957042982912,-0.96946503690788255) (0.99827686239479263,-0.058679689903813448) (-0.90705595683707507,-0.42101008439986048) (0.82222150016415163,-0.56916764197186354) (0.54542764426346579,0.8381579116569895) (0.73479471747314828,-0.67828955702823279) (0.63735441493291245,-0.77057079477847068) (0.99979009623340587,0.020488130065901833) (-0.46107390322798919,-0.88736173895548787) (-0.77079892091471369,0.63707850655685472)
 (1,0) (0.9804019759276521,-0.19700752675254291) (-0.36344373624328885,-0.9316161498093074) (0.062221998626851349,-0.99806233416900347) (-0.76991539235763695,-0.63814597750889679) (-0.51898697425127005,-0.85478214801053887) (-0.53609672165040267,-0.84415656429106167) (-0.94384191742111212,0.3303973893947072) (-0.80194315497183655,-0.5974003483375413) (-0.89948637914165563,-0.43694879990524516) (-0.43195715678089358,0.9018941261066985) (-0.97507540593339492,0.22187373153174994) (0.070287989383573418,0.99752674076859427) (0.34371371885775148,0.93907448025647777) (0.97698150854354815,0.21332400700336457) (-0.62606078633678042,-0.77977425695605751) (0.51398851947166735,0.85779706332635763) (-0.45643490132800779,0.88975680994847739) (0.99549528370541118,0.094811075936739875) (0.6855273612288233,0.72804686456755363) (-0.93927335173171278,0.34316988610114785) (-0.91890512248099721,0.39447861270059031) (-0.87486605363505487,-0.48436493287295757) (-0.96726629646350215,-0.25376349565250717) (0.16873186257169479,0.98566199001132515) (0.89707173973086329,0.44188493273276752) (0.8331511911703724,0.55304528987361312) (-0.98871971467651631,-0.14977758780934924) (-0.37831122120878952,0.92567846464499381) (0.29902198980482675,-0.9542462206438973) (-0.52824771753626365,0.84909030669165431) (0.77180048570703441,-0.63586477356619153) (0.88482759935617494,-0.46591857595248198) (0.82002404812011853,0.57232906662574234) (0.99457720835118035,0.10400084917140456) (0.23577432212845051,0.97180783544117855) (0.66861202979606826,-0.74361142649369039) (0.35055164181560267,-0.93654340338309194) (-0.24335579725410905,-0.96993708865205064) (-0.84711431364312562,-0.53141070710038829) (0.97406306749147153,-0.22627669024692937) (0.60905831179393555,-0.79312544583736577) (0.051886938898830004,0.99865296553492877) (0.42717143418452419,0.9041706508268984) (-0.60564011162007325,-0.79573868524586899)
 (1,0) (-0.23618387090341791,-0.97170838173038165) (0.11838054482634056,0.99296830090724342) (-0.72292047697951045,-0.69093124402050077) (-0.33356495459112312,-0.94272711909047235) (-0.096882936237957323,0.99529578350654746) (0.1494991533615237,0.98876185360489421) (0.42789421773740699,-0.90382882141857579) (-0.033846423323667899,-0.99942704567576779) (-0.71827428581271702,-0.695760052273937) (-0.073633392881140847,-0.99728537713776366) (0.93116082717926874,-0.36460871345432661) (-0.94266583115561997,0.33373811704940626) (0.24662000016967495,-0.96911226156535124) (-0.6788266310290183,0.7342985802831109) (0.63809596042935524,-0.7699568463775992) (-0.72977019310803326,0.68369252244782086) (0.60706341680129683,0.79465338857991052) (-0.89079930494364912,-0.45439696116051581) (0.9954952837054114,0.094811075936739958) (0.69995642668181435,-0.71418555064270683) (0.9953004760364631,-0.096834716923168113) (-0.29075308350224555,0.95679812104431705) (-0.50253916539244237,-0.86455444435076934) (0.62218188379026085,0.7828727249580244) (0.24372200944367586,-0.96984513305616804) (-0.94466931226227169,0.32802422238293144) (0.08797951198111964,0.99612228439663109) (-0.89264492346259638,-0.45076051359502939) (-0.13200415002435822,-0.991249163619494) (-0.15358046104883019,0.9881361454698584) (-0.95920626605678772,-0.28270716148940028) (-0.99603599726652658,0.088951066037878862) (-0.046498239012189857,0.99891837192473631) (-0.39591213582642681,0.91828839734876144) (0.1085787562768058,0.99408785008437917) (0.97876747074704573,0.20497375004480495) (-0.89529016520285087,0.44548346780890979) (-0.35447707420986851,-0.93506470570737055) (0.63730376051163884,0.7706126892529882) (0.64575954676982095,0.76354083568309228) (-0.42492298965372155,-0.90522950286860571) (0.99178983826752576,-0.1278785232526341) (0.52600295089608029,0.85048274271064161) (0.79435022827444113,-0.60746005205308984)
 (0.99999999999999989,-2.7755575615628914e-17) (-0.97224648488493215,0.23395891226643209) (-0.15586365713242098,-0.98777857862240892) (0.85125301339489634,-0.52475547370761833) (-0.35481924406950016,0.93493491968048081) (0.80331819582754349,0.59555006191955029) (-0.88000294378325505,-0.47496822939308636) (0.65228934564509855,0.75797005848376864) (0.67967717472315503,-0.73351137561754787) (-0.99523522175678403,-0.097503094180255712) (-0.96992768036702159,-0.24339329254901007) (0.7778800563605236,0.62841277669740925) (-0.46837799132238794,-0.88352818701205238) (-0.018439166104452953,-0.99982998412398627) (-0.22045803733746178,-0.975396459791255) (0.94097498832097781,-0.33847610160000108) (-0.57940014265910911,0.81504323485727004) (0.75983112225520766,0.65012050087071582) (0.60706341680129672,0.79465338857991019) (-0.45643490132800768,0.88975680994847728) (-0.99836962362405923,-0.057079721659746202) (0.51402258092472408,0.85777665292282479) (-0.82203736013310835,-0.56943355937755324) (0.67048880206261297,0.74191964949625167) (0.99299224059319491,0.11817956727668991) (-0.96804236690882273,0.25078671390160101) (0.85594570890656763,-0.51706570511341399) (-0.5352179493051441,0.84471400292737853) (0.97333032854023993,0.22940808953423242) (-0.050434154776058948,-0.99872738824567309) (0.9611718856053777,-0.27595036930905181) (0.11319732262589793,0.99357252686974329) (0.77641927053994886,-0.63021672171897569) (-0.90286542543558135,-0.42992327635640426) (0.15287640233084845,0.9882453165132512) (-0.19510798678622099,0.9807817664966183) (0.33155188418176523,-0.94343698681762578) (-0.55258902136671362,0.83345388202645976) (0.92458312552043564,0.38098037220158959) (0.69294120587101216,-0.72099409512563017) (-0.92859356299406426,0.3710983626560318) (-0.78971961809181734,-0.61346794928578974) (-0.9389928109937743,-0.34393676875555063) (-0.58746622438070117,-0.80924868564112162) (-0.69116649548992404,-0.72269556212292785)
 (1,5.5511151231257827e-17) (-0.12557249637520068,-0.99208444608012092) (-0.043955715688228758,-0.99903348044914675) (-0.4618040290700885,-0.8869819833201984) (0.66579256304941714,-0.7461368929278912) (0.99283255260725023,-0.11951369161469305) (-0.41205709057875856,-0.91115802916056676) (0.044616685602197947,-0.99900417985405565) (-0.95674474680986243,0.29092866729102257) (0.83551881024978369,-0.54946184373328943) (-0.31049497551338329,-0.95057502080632394) (0.44527340243137697,0.89539465996128487) (0.78038669454511089,0.62529721491220214) (0.05535692182722074,0.99846662999111535) (0.92878607352823317,-0.37061628353326104) (-0.93330224803167883,-0.35909179024173554) (-0.3041866261337528,-0.95261245870572386) (-0.57940014265910933,0.81504323485727004) (-0.72977019310803315,0.68369252244782075) (0.51398851947166713,0.85779706332635786) (0.85440895508493686,0.51960113305367917) (0.91188389196305142,0.41044825201030943) (0.96291828132998913,0.26979322356297186) (-0.30869610988059143,-0.95116071814630265) (0.020363558562607964,-0.99979264124250633) (-0.79805672378193648,-0.60258233099423231) (0.59552998375715338,-0.80333308063729381) (0.89346229542930278,0.44913820439392638) (-0.83852552035270489,0.54486232363526965) (-0.98448876503495164,0.17544763184481904) (0.087289351284731198,0.99618299983100067) (0.42319317751225638,0.90603947734471224) (0.56394161018328792,-0.8258146646214759) (0.038103749912491713,0.99927378842968073) (0.34726901153263368,-0.93776555365888059) (-0.96793292683829302,0.25120877600564878) (0.72940020401019234,0.68408723302652674) (-0.73605325764838214,0.67692363077765672) (0.022513642840346959,0.9997465358209835) (-0.99830580681455161,-0.058185187808818595) (-0.92710221421341599,0.37480859702064173) (0.46025552590958624,0.88778648946111449) (-0.010125845664015143,-0.99994873231060599) (-0.99926489703484056,0.0383362172618813) (-0.74724513139304582,0.66454850357922635)
 (1,-1.1102230246251565e-16) (0.98688774107183119,-0.16140813648059166) (-0.030055881329454193,0.9995482199461464) (0.91961045662966023,-0.39283152630280005) (0.69235150245729404,-0.72156039043528952) (0.20828610563327965,-0.97806794150515008) (0.3448913482302054,-0.93864261458552478) (0.79025159340070217,0.61278252188492688) (-0.41124782618312278,0.91152357372678761) (-0.089535854330398623,-0.99598359965881222) (-0.51370013674307224,0.85796979522017458) (-0.87199766999507766,-0.48951002392510318) (-0.87677070167799798,0.48090865731349808) (0.87785682392543662,-0.47892316365732995) (-0.43751200934579576,-0.89921256757131884) (0.98495313518433303,0.1728216464756413) (-0.93330224803167927,-0.35909179024173515) (0.94097498832097792,-0.33847610160000124) (0.63809596042935501,-0.76995684637759931) (-0.62606078633678064,-0.77977425695605773) (0.4826173838157537,0.87583129701948759) (0.76818821568357976,-0.64022407427780947) (0.36256355652062444,0.93195904817921893) (-0.77588938100399985,0.63086897882621373) (-0.91902434465544869,-0.39420077870372527) (-0.87155612647768965,-0.49029574585060898) (0.068803365864069044,0.99763024054294547) (-0.040125460749071029,0.99919464940504665) (-0.75744688811378091,0.65289678486476554) (0.85224789778251397,0.52313814688405758) (0.24693683230538149,0.96903157887190838) (-0.27731798147662046,-0.96077819352321503) (0.97147750060897142,0.23713174779127733) (-0.9344309650773952,0.35614431275050251) (-0.16334074531529269,-0.98656971417120043) (-0.21627173230627583,0.97633321043854782) (-0.96460824663534317,-0.26368718308459577) (0.93434349052377319,-0.35637373881341416) (-0.98329746672490015,-0.18200574697628313) (0.92438873030329494,-0.38145179942983787) (-0.42869801164288668,0.90344784841928538) (-0.86856639442055783,0.49557281854765989) (-0.92652389927249867,-0.37623591545316848) (0.90653670565294731,-0.42212699665373399) (-0.98498257649884535,0.1726537691268154)
 (1,-5.5511151231257827e-17) (0.75477615697940514,-0.65598243334360662) (-0.84751092495015135,0.53077794989066562) (-0.63480167344510352,0.77267511632722841) (0.95890013366158677,0.28374378171827935) (-0.30254009399802317,-0.9531366594165116) (-0.99177070124949795,-0.12802685711629896) (0.6348018387967278,0.77267498048033878) (-0.88448756829734132,-0.46656375933783589) (-0.99711355376366861,-0.075924705470532261) (0.88782936991961403,0.46017280439867336) (0.68705570615625344,0.72660474581310774) (-0.08195758659468444,-0.99663581813999347) (0.61248513763213852,0.79048210364292282) (-0.12026597621841367,0.99274170606670475) (-0.4375120093457957,-0.89921256757131884) (0.92878607352823295,-0.37061628353326115) (-0.22045803733746178,-0.975396459791255) (-0.67882663102901808,0.7342985802831109) (0.97698150854354826,0.21332400700336462) (-0.92972669935822272,-0.36825027427072632) (0.74691602401684387,-0.66491838075576559) (0.89096857125977713,-0.45406497886019659) (-0.95250487507493198,0.30452333729697623) (0.49429089665280168,0.86929656014858869) (-0.3371574844107425,0.94144826236273849) (0.68640054720633148,0.72722368552932015) (-0.9391037975599954,-0.34363360925321973) (-0.99285205826228262,0.11935154127344844) (0.9904910629570931,-0.13757708458215845) (-0.075921522821474241,-0.99711379609975759) (-0.83956661761104256,-0.54325674831809667) (-0.98754574285593544,0.15733215109162718) (-0.9572218357719009,-0.28935507101392111) (0.5032268128546894,-0.86415436978824023) (0.75398343302042181,0.65689343331375927) (-0.18433928683835005,0.98286266961764635) (-0.16576859576024433,0.98616467826609799) (0.9999608319781037,0.0088506784857509957) (0.67369033222524299,0.73901375918601242) (-0.53110098913828996,-0.84730852665149625) (0.24218660529782166,0.97022968838018797) (-0.20635375665199129,-0.97847745355506799) (-0.55910021350572958,-0.82910008518745615) (0.43177718916365893,-0.90198029851983363)
 (1,3.4694469519536142e-18) (-0.97243806013502543,-0.23316135872144114) (0.98689481374132559,-0.16136488654745895) (0.49845202696498891,0.86691728372117105) (0.72540679508428685,0.68832040623937929) (-0.98618617715551915,-0.16564064714732232) (0.84618503442348014,0.53288918877918079) (-0.99922726339361434,-0.039304911791119709) (-0.088766780232332032,0.99605243773969199) (-0.88588019861375789,0.46391408008816598) (-0.99971540786022994,-0.02385588579059263) (-0.99129015222041716,-0.1316959912481056) (0.92098480147419681,-0.38959850545598118) (0.7575455389463347,0.6527823193243727) (0.61248513763213841,0.79048210364292282) (0.87785682392543662,-0.47892316365732984) (0.055356921827220976,0.99846662999111557) (-0.018439166104452918,-0.99982998412398649) (0.24662000016967492,-0.96911226156535113) (0.34371371885775159,0.93907448025647799) (-0.79692538719368533,-0.6040777493387709) (0.89310163313147273,-0.44985494650820146) (-0.90179385206305607,-0.43216645911185048) (0.51505137806794166,-0.85715930721792577) (0.72223388446957448,-0.69164891102638903) (-0.93142407735428789,-0.3639356922929019) (-0.9996684880195198,-0.02574711752347085) (0.81739365125271279,0.57607952479823288) (-0.90939256556811954,0.41593889177309828) (-0.16546985575742393,-0.98621484821291205) (-0.18519708758932982,0.98270139856847161) (0.12750116975313477,-0.991838420163074) (0.99701084459651934,0.077261735399452136) (-0.66226172414176065,-0.74927258640416261) (-0.84456997956238933,-0.535445188251781) (0.70902203574906264,-0.7051863248973671) (0.064067161618260496,-0.99794558909901443) (-0.50974743380829579,-0.86032409807342725) (0.99678463184782995,-0.08012738428269553) (-0.037435966985781208,0.99929902850740282) (-0.99907191113621152,-0.043073383645114698) (0.29242204114873782,0.95628936512459717) (0.52605672610103305,0.85044948170003787) (-0.97226542974170105,0.23388017044885615) (0.32502019385379449,0.94570707599512049)
 (1,-2.1684043449710089e-19) (0.52946830910673981,0.84832971753419628) (0.0045636771972834625,0.999989586370998) (-0.60767336583393006,0.79418705633878395) (-0.94697734938153355,-0.32130032642113032) (0.1547935409726913,0.98794684050971948) (-0.97074685105433434,-0.24010529183692278) (-0.31490253803667873,-0.94912401272860991) (-0.022647826899124854,0.99974350507354914) (-0.10125732473210514,-0.99486026867500199) (0.970633212091214,0.24056426913715218) (-0.89815410115638095,-0.43968080533038173) (0.95415039471791296,-0.29932762027526127) (0.92098480147419703,-0.38959850545598124) (-0.081957586594684426,-0.9966358181399938) (-0.8767707016779982,0.48090865731349808) (0.78038669454511111,0.62529721491220203) (-0.46837799132238805,-0.88352818701205282) (-0.94266583115562019,0.33373811704940626) (0.070287989383573446,0.99752674076859471) (-0.75801126660110785,0.65224145813171441) (-0.83515923434544348,-0.55000823019981504) (0.085521076666241161,0.99633636159975969) (0.78630996708752565,0.61783220671863226) (0.76059633950920946,-0.64922508294519243) (0.78533335472288057,-0.61907311519699104) (-0.73917131071321918,0.67351746333595697) (0.82369414623726533,0.56703434944848186) (-0.81869531134316365,-0.57422816648499553) (-0.29735635714346315,0.95476656668861726) (-0.59337735992148355,-0.80492441181306662) (0.91981609146781218,-0.39234979020878397) (0.39711562785602128,-0.91776858636179059) (0.28498360631290759,-0.95853239075833518) (-0.31944496022013485,0.94760483187347522) (-0.032509592499047224,0.99947142350121576) (0.61135420287112374,0.7913570866756755) (0.12101818406668183,-0.99265029044734709) (0.99999140263007535,-0.0041466451420599957) (0.66379072282747109,-0.74791836204774642) (-0.026418364322073701,0.99965097410373538) (-0.4680417642635894,-0.88370634653431546) (0.17056039764206596,-0.98534722344774484) (-0.98098591117344647,-0.19407895836283784) (-0.69405083899505404,-0.71992599125900525)
 (1,0) (-0.12160440780382464,-0.99257864575190191) (-0.93526220395163984,0.3539556608666119) (0.31844745726443346,0.94794051340884078) (-0.35910943958868796,0.93329545718293205) (0.15084176397546351,0.98855792052907543) (0.34919867703375523,-0.93704870949053343) (-0.2024150219325761,-0.97929983094863959) (0.99509872375566388,0.09888644993044915) (-0.26519137587009634,0.96419579659119237) (0.87235155355926186,-0.48887909241727745) (-0.44430336317591196,-0.89587639854534218) (-0.89815410115638084,-0.43968080533038167) (-0.99129015222041728,-0.1316959912481056) (0.68705570615625344,0.72660474581310774) (-0.87199766999507744,-0.48951002392510323) (0.4452734024313772,0.89539465996128498) (0.77788005636052371,0.62841277669740947) (0.93116082717926874,-0.36460871345432661) (-0.97507540593339526,0.22187373153175) (0.99998168327283588,0.0060525299525187037) (0.94251960572158289,-0.33415085340371503) (-0.9853507966693269,0.17053975343925426) (-0.53923705156241619,0.84215402523663785) (-0.14506869312917436,-0.98942158571247729) (-0.98484992934597493,0.17340881369534816) (-0.22588840005782321,0.97415318647495908) (-0.96262551070536895,-0.27083597644926471) (0.50905881364126937,0.8607317376826199) (0.97848099467448513,0.20633696484350247) (0.26574467671812152,-0.9640434465292429) (0.70481220522454247,-0.70939393524791017) (-0.95128918943437235,-0.30829998064432979) (0.49227927050924908,0.87043731527714385) (0.97941823594241828,0.20184132159555496) (-0.97396379965732705,-0.22670358831977436) (0.82898939996791188,0.55926431563335077) (-0.1637577868876422,-0.98650057639803779) (-0.46414463681086965,-0.88575942338747093) (-0.94513580919535034,0.32667767321420754) (-0.91313939728698501,0.40764744709413042) (0.99771117465536951,-0.067619612301475507) (0.40515741876529471,-0.91424693930001399) (-0.21242383011582228,-0.97717762786451667) (-0.10018367432261988,0.99496896001795865)
 (0.99999999999999989,6.9388939039072284e-18) (0.83567398467761567,0.54922581087657862) (-0.70158119290838517,0.71258952402996056) (0.022017137765212323,-0.99975759344184334) (-0.99563782474390794,-0.093302314758094501) (-0.55813392706518816,0.82975087794999691) (0.48532785889410779,0.87433224198885562) (-0.57594674249067268,0.81748721691191095) (-0.79494843708440477,0.60667700003960934) (-0.86649854835943652,0.49917959262272404) (0.53319511352834303,-0.84599229955685484) (0.87235155355926175,-0.48887909241727728) (0.97063321209121367,0.24056426913715209) (-0.99971540786022961,-0.023855885790592626) (0.88782936991961392,0.4601728043986732) (-0.51370013674307213,0.85796979522017425) (-0.31049497551338334,-0.95057502080632361) (-0.96992768036702148,-0.2433932925490101) (-0.073633392881140805,-0.99728537713776355) (-0.43195715678089369,0.90189412610669861) (-0.8493696208896504,-0.52779849100747744) (0.88159452082719225,-0.47200752202424956) (0.38121668762810673,0.92448571491064846) (0.92729578752615516,-0.37432943036347854) (-0.4451209882281042,0.89547043828304862) (-0.46245296141425285,-0.88664381714372031) (0.14580411213690092,0.98931347958266957) (0.36498881779870151,-0.93101190265318579) (0.98732477666237561,-0.15871290240112354) (0.97261239746857553,-0.23243305335177478) (0.76960816597145831,-0.63851646092332448) (-0.73041561467169425,0.68300295009887768) (0.5901914636213802,-0.8072633004593065) (-0.09353393475294397,0.99561609220102054) (0.10270413226128959,-0.9947119488658287) (-0.6894047472678313,-0.72437634862312872) (-0.077699698827021046,-0.99697680855784654) (0.97604617391644155,0.21756347667537015) (0.99787919012251292,-0.065093178755047526) (-0.99417748014429685,0.10775499048273668) (-0.7142848366706227,0.69985510793479278) (-0.98212213120575487,-0.18824483896209582) (-0.99952265241242066,0.030894454428558694) (0.74180288331297606,0.67061798537509854) (0.38418274959289489,-0.92325706870580793)
 (0.99999999999999978,0) (-0.95896509616761461,-0.2835241512327259) (0.37445515114945238,0.9272450268282062) (0.6467661007601293,0.76268841010437394) (-0.98942223693193676,-0.14506425150464169) (0.9997050271410397,0.024287006998261418) (-0.057122591575526627,-0.99836717170172151) (0.5172739694188162,0.8558198645519397) (-0.99178607811577946,0.12790768255159662) (-0.0032520882125513517,0.99999471194714706) (-0.86649854835943652,0.49917959262272393) (-0.26519137587009628,0.96419579659119248) (-0.10125732473210508,-0.99486026867500188) (-0.88588019861375777,0.46391408008816593) (-0.9971135537636685,-0.075924705470532428) (-0.089535854330398457,-0.995983599658812) (0.83551881024978369,-0.54946184373328977) (-0.99523522175678414,-0.097503094180255823) (-0.71827428581271691,-0.69576005227393689) (-0.89948637914165575,-0.4369487999052451) (0.80307237502854112,-0.59588149867739537) (0.97237842267195229,-0.23340994649329977) (-0.74193034537179781,-0.6704769665070418) (0.78169471111712974,0.62366126912892916) (-0.70677624117538573,0.70743716675758039) (-0.16705158012143362,-0.98594815765279065) (0.73388940338172115,-0.67926897736023617) (0.29029040455529526,0.95693859835577877) (-0.34665059092401396,-0.93799433250528308) (0.15323873371852192,0.98818919771891012) (-0.14137321458513741,0.98995636984559343) (0.9062007360716029,-0.42284775740600072) (0.36543252211790817,-0.93083783323334313) (0.99309414703265397,0.11732013948800707) (-0.40528659680595425,0.91418968187649496) (0.40392817288185678,-0.91479070346846303) (-0.20815570428722652,0.97809570225652642) (0.67865454851894869,0.73445762558131389) (0.024703917873199921,-0.9996948116508928) (-0.015593747618387277,0.99987841012555778) (0.66422221911215351,-0.74753517886299248) (0.89609062380587701,-0.44387114563484886) (-0.99770084437362339,0.067771860946554352) (0.0069792178443201514,0.99997564496255709) (-0.49804951580391543,-0.86714859153866208)
 (1,0) (-0.35943164324713761,-0.93317141717514052) (0.23565347792832025,-0.97183714599735571) (0.81288541568230421,0.58242364389764134) (0.94411639485979504,0.32961224636979425) (0.54693335292055023,0.83717615079688201) (-0.95805177365704519,-0.28659518312872617) (0.73223120944744946,-0.68105613271677079) (-0.93232266857980517,0.36162749017770712) (-0.99178607811577946,0.12790768255159674) (-0.79494843708440488,0.60667700003960956) (0.99509872375566388,0.098886449930449205) (-0.022647826899124812,0.99974350507354903) (-0.088766780232331977,0.99605243773969221) (-0.88448756829734143,-0.46656375933783611) (-0.41124782618312289,0.91152357372678749) (-0.95674474680986232,0.29092866729102285) (0.67967717472315514,-0.73351137561754809) (-0.03384642332366794,-0.99942704567576779) (-0.80194315497183666,-0.5974003483375413) (-0.27909317891746355,0.96026402488156593) (-0.87064616944026663,0.49190979624214581) (0.32943881752931498,-0.94417692489537375) (-0.41372413172194655,-0.91040229724606925) (-0.3745394902400293,-0.92721096318515195) (0.87789742534659021,-0.47884873453923466) (0.88615036562579053,0.46339780912438117) (0.99978576610573699,0.020698354822612841) (0.10627742761700876,0.99433651666782785) (0.8434008105819446,0.53728490832119746) (-0.4191816780031416,-0.90790237406147889) (-0.96708212532133286,0.25446446290979841) (-0.99941345430451967,-0.034245399035585267) (0.71367692718695708,0.70047501283127989) (0.21228575387308268,0.97720763336280558) (-0.99718223685994278,-0.075017241291580439) (-0.74448246286968922,-0.66764201671216028) (0.44144494374749349,-0.89728833807186537) (0.99969076455121464,-0.024867152450704255) (0.52241933379212802,0.85268871206331032) (0.19365472480376589,-0.98106974653241474) (-0.926193504459209,-0.3770485277753608) (0.98035207956906789,0.19725567186928156) (-0.76546698248169986,0.64347517335975013) (0.94015945237336818,-0.34073480026702035)
 (1,0) (-0.85703524320988245,0.51525779168895414) (-0.55709582547086223,-0.83044821707493466) (-0.87708401403424285,0.48033699870567964) (-0.083412420051941771,-0.99651511186789243) (-0.84617427158038361,0.5329062789228578) (-0.88422475910181897,0.46706163981997983) (-0.83917657062900175,0.54385906566623254) (0.73223120944744924,-0.6810561327167709) (0.51727396941881643,0.85581986455193981) (-0.57594674249067257,0.81748721691191117) (-0.20241502193257604,-0.97929983094863959) (-0.31490253803667861,-0.9491240127286098) (-0.99922726339361434,-0.039304911791119612) (0.63480183879672802,0.77267498048033878) (0.79025159340070195,0.61278252188492688) (0.044616685602197614,-0.99900417985405554) (0.65228934564509866,0.75797005848376864) (0.42789421773740688,-0.90382882141857568) (-0.94384191742111212,0.3303973893947072) (0.9561450410313892,0.29289359930029857) (-0.97291318359887924,-0.23117079655417921) (0.99320533224308283,-0.11637511763219305) (-0.84111036081866664,-0.54086353262490439) (0.99624286323208822,-0.086603449464385196) (0.96349643827099074,-0.26772114865866342) (0.99972790703475556,-0.023326206204740185) (0.87989537960455788,-0.47516746621643824) (0.035094750422541621,-0.99938398951192853) (-0.59806482105245728,0.80144773367917865) (-0.11461358495575413,0.99341015001035227) (-0.8443419242619592,-0.53580473582603871) (0.039883512062687365,-0.9992043361923254) (-0.96572663886894428,-0.25956128174073129) (0.96352808674829205,0.2676072234585149) (0.66669644948319484,0.74532935286791269) (0.97661911669331647,0.21497697762589596) (0.72076599922148099,-0.69317845780596776) (-0.84395722347448121,0.53641048176302775) (0.69822254959662733,0.71588076607406093) (-0.85562261347286184,0.51760017708060069) (0.31324581954444014,0.94967207842387946) (-0.76525013475842829,0.64373304346771421) (-0.56982887310676689,-0.82176338162141993) (0.34983784048414202,-0.93681027180822019)
 (1.0000000000000002,0) (-0.94784483356693205,-0.31873213123322575) (-0.99488710828996474,-0.10099327580800885) (-0.89421832874442742,0.44763107637598404) (0.33401067270340523,0.94256929215852292) (0.11547560689931113,0.99331031617075027) (0.38610045550747407,-0.92245674058836991) (-0.88422475910181919,0.46706163981997983) (-0.95805177365704519,-0.28659518312872628) (-0.057122591575526682,-0.99836717170172151) (0.4853278588941079,0.87433224198885595) (0.34919867703375523,-0.93704870949053365) (-0.97074685105433423,-0.2401052918369227) (0.84618503442348025,0.53288918877918068) (-0.99177070124949807,-0.12802685711629883) (0.34489134823020551,-0.93864261458552489) (-0.41205709057875883,-0.91115802916056676) (-0.88000294378325516,-0.47496822939308647) (0.1494991533615237,0.98876185360489433) (-0.53609672165040279,-0.84415656429106189) (0.98275705280232872,0.18490152829893161) (-0.8971978466340268,0.44162883057525248) (0.074104937163545603,0.9972504491289973) (0.83316970444404292,-0.55301739899990998) (0.97881683421221066,0.20473789356829994) (-0.77824167259111487,0.62796488679111973) (0.47952109448887653,0.87753035271732283) (0.99095395819115761,-0.13420228293615599) (0.3755107089591927,-0.9268180552066102) (0.99699307662852366,0.077490677857340096) (-0.49371851219253166,-0.86962177451947065) (-0.39656683717244195,0.91800585164531767) (0.98761430691673535,0.15690118155506744) (0.90607344969410863,-0.42312043647100966) (-0.81206527819380847,-0.58356660626873702) (0.81343976874455981,0.58164915767565306) (0.27396448785430377,-0.9617398085733625) (-0.91529429791667372,0.40278573485318703) (-0.79776302174250591,-0.60297111136460424) (-0.43363243403543439,-0.9010898468812657) (-0.99515964078537344,-0.098271508342581124) (0.98165530068677798,-0.19066428777710476) (0.51317765033775087,0.85828241225940549) (0.59600924651006681,0.80297757009427218) (0.252212859828431,0.96767177975652574)
 (1,1.3877787807814457e-17) (0.59240470256339151,0.80564053298029903) (-0.0084336580493491048,0.99996443607355712) (0.74484349757471524,-0.66723921056894331) (0.30385217920243179,-0.95271918905516595) (-0.23729910224192191,0.97143663513127765) (0.11547560689931116,0.99331031617075005) (-0.84617427158038372,0.5329062789228578) (0.54693335292055023,0.8371761507968819) (0.99970502714103981,0.024287006998261404) (-0.55813392706518827,0.82975087794999713) (0.15084176397546351,0.98855792052907543) (0.15479354097269127,0.98794684050971937) (-0.98618617715551915,-0.16564064714732235) (-0.30254009399802329,-0.95313665941651171) (0.20828610563327982,-0.97806794150515008) (0.99283255260725012,-0.1195136916146933) (0.8033181958275436,0.5955500619195504) (-0.096882936237957296,0.99529578350654724) (-0.51898697425127016,-0.85478214801053909) (0.53900400891383415,-0.84230319860179581) (0.99904657609595804,0.0436570588902125) (-0.15191235623951688,-0.98839396802173918) (0.068794972643836202,-0.9976308193610175) (0.94312603821589069,-0.33243537122153355) (0.97449495867217717,0.22440939267889659) (0.29136447599535442,0.95661211686239533) (0.00097537814603064488,-0.99999952431862282) (-0.97741417864205982,0.21133273146738696) (-0.50641118591376733,-0.86229212612745809) (0.89269225592343693,-0.45066676848235215) (-0.37918166639602158,0.92532224866212753) (-0.5746938523352394,0.81836848429548104) (0.28895584988506706,-0.9573424240141033) (-0.85974619367080507,-0.51072153123650776) (-0.014527130348896064,0.99989447567422141) (-0.62067483480461938,0.78406807704449899) (0.25577625463126907,-0.96673600717403729) (0.040108702172018881,-0.99919532225189889) (-0.98132689215457214,0.19234742195893645) (-0.51036574064465579,-0.85995744707295374) (-0.486253056771623,-0.87381803871301078) (-0.98001658934231506,-0.19891577266234117) (-0.99099183453905781,-0.13392230537484628) (-0.31947334422977874,0.94759526292961205)
 (1,-5.5511151231257827e-17) (0.937083593849666,0.34910505315419471) (0.040646903804012313,-0.99917357311487565) (-0.98601660226582089,-0.16664711235471796) (0.51223769962787946,0.85884372215202198) (0.30385217920243196,-0.95271918905516606) (0.33401067270340512,0.94256929215852259) (-0.083412420051941771,-0.99651511186789266) (0.94411639485979493,0.32961224636979419) (-0.98942223693193676,-0.14506425150464164) (-0.99563782474390816,-0.093302314758094529) (-0.35910943958868796,0.93329545718293194) (-0.94697734938153322,-0.32130032642113032) (0.72540679508428685,0.68832040623937929) (0.95890013366158677,0.28374378171827935) (0.69235150245729415,-0.72156039043528941) (0.66579256304941692,-0.74613689292789132) (-0.35481924406950038,0.93493491968048104) (-0.33356495459112312,-0.94272711909047224) (-0.76991539235763695,-0.63814597750889679) (0.0092550582007640547,-0.99995717103169013) (-0.15258812778377612,-0.98828986803439511) (0.22949475254048063,0.97330989851967664) (0.55604566729961558,0.83115174058491015) (-0.26113113306919339,-0.96530333643989852) (0.62248405043112787,-0.78263248524378104) (0.02947517969479263,-0.999565512501286) (-0.36600140269501724,-0.93061429885064606) (0.6111356095575452,0.79152591033441644) (0.13780750605003855,0.9904590305894877) (-0.99635205402508487,0.085338059738869543) (-0.98988111116926181,0.14189920982974802) (-0.013227353132094832,0.99991251473772402) (0.98597565461421388,0.16688921028057141) (-0.63337457403968089,0.77384536501813628) (0.60733550788644453,0.79444545493086882) (-0.86942258955397167,0.49406918622118629) (-0.070542192615292543,0.99750879648303181) (0.99114353096749352,0.13279495856879941) (-0.98200387595712468,-0.18886076248173705) (-0.65184335322331788,0.75835363970813874) (-0.15060546910793843,-0.98859394731850181) (0.64103525350491342,0.76751143559160817) (0.28913237765722738,-0.95728912465893967) (-0.86886988635058771,-0.49504052419283406)
 (0.99999999999999989,1.3877787807814457e-17) (0.16317514541860445,-0.98659711732683264) (-0.74371235251564516,0.6684997656810685) (0.0069447211573256118,-0.99997588513325986) (-0.98601660226582077,-0.16664711235471819) (0.74484349757471502,-0.66723921056894309) (-0.8942183287444273,0.44763107637598382) (-0.87708401403424263,0.48033699870567953) (0.81288541568230388,0.58242364389764123) (0.64676610076012908,0.76268841010437383) (0.02201713776521233,-0.99975759344184334) (0.31844745726443335,0.94794051340884056) (-0.60767336583392983,0.79418705633878373) (0.4984520269649888,0.86691728372117094) (-0.63480167344510341,0.77267511632722841) (0.91961045662966023,-0.39283152630279983) (-0.4618040290700885,-0.8869819833201984) (0.85125301339489634,-0.52475547370761821) (-0.72292047697951012,-0.69093124402050055) (0.062221998626851398,-0.99806233416900347) (-0.869555021181592,0.49383607111862626) (-0.61698276674285002,0.78697666137080391) (-0.58194946705929573,-0.81322494906969045) (-0.6513879138970009,0.75874487519120193) (0.43984387023623478,-0.8980742562926578) (-0.52600442732704678,0.85048182957212304) (-0.27861085071477765,0.96040407842948428) (0.97079250050740507,-0.23992065554799122) (0.33811196242422892,-0.94110589248268739) (-0.70008140661172824,-0.71406303931553738) (0.11436966316659758,-0.99343826186993545) (0.04696525981643674,-0.9988965233548337) (0.65241873945818396,0.75785868630226438) (-0.58431547476602053,-0.81152660212032468) (-0.35950394285028592,0.93314356616498084) (-0.64079069172338587,-0.76771563055643466) (0.98122270324088001,0.19287821713366032) (0.96579034149609244,0.25932415289143423) (0.24504798497653513,0.96951095148994548) (-0.99592004105225573,-0.090240078847881572) (0.62093576544360907,0.7838614515288771) (0.62025062272200604,0.78440370028000472) (0.86182559057917563,-0.50720474309972052) (0.71420333299472372,0.69993828237868794) (-0.88506246148622236,-0.46547227550945253)
 (1,5.5511151231257827e-17) (0.1963375942777536,-0.98053635785381443) (0.77781656451962511,0.62849136188088328) (-0.74371235251564516,0.66849976568106861) (0.040646903804012313,-0.99917357311487576) (-0.0084336580493490909,0.99996443607355712) (-0.99488710828996463,-0.10099327580800865) (-0.55709582547086234,-0.83044821707493477) (0.2356534779283202,-0.97183714599735593) (0.37445515114945244,0.92724502682820631) (-0.70158119290838528,0.71258952402996079) (-0.93526220395163984,0.35395566086661195) (0.0045636771972834556,0.999989586370998) (0.98689481374132559,-0.16136488654745895) (-0.84751092495015146,0.53077794989066573) (-0.030055881329454304,0.9995482199461464) (-0.043955715688229091,-0.99903348044914675) (-0.15586365713242106,-0.98777857862240892) (0.11838054482634053,0.99296830090724342) (-0.36344373624328902,-0.93161614980930763) (-0.89685532052110317,-0.44232401478213912) (0.98509596214926853,0.17200565501519649) (-0.22863857303790991,0.97351137790946629) (0.34624003648450263,-0.93814595726635752) (0.9764670305290073,0.21566672967767342) (-0.96546638745625679,0.26052764669448386) (0.19675167022613077,-0.98045335445559489) (-0.9990190419695264,-0.044282657805163272) (0.87223250017046927,0.48909146961112571) (-0.25766644804221134,0.96623392693141885) (0.46968172861916557,0.88283581361503038) (0.96084559395082314,0.27708436366076145) (-0.88341485309998213,0.46859171708678071) (-0.96729043397339809,-0.2536714732553807) (0.92480998432020645,-0.38042935336493128) (-0.83048870267845698,-0.55703546989707364) (-0.98293946026743595,-0.18392938169080275) (-0.53448826392145932,-0.84517589632586221) (0.9997550455569697,-0.022132529981475024) (-0.25387192354179711,-0.96723784377845112) (0.67122599250499104,0.74125276861924094) (0.90282531710029401,-0.43000749621692952) (-0.52667973265000922,0.85006379714449376) (0.82653989835139097,-0.56287813639656692) (0.84140191028160438,-0.54040986794697454)
 (0.99999999999999989,0) (-0.94983681796098229,0.31274593401954059) (0.19633759427775377,-0.98053635785381432) (0.16317514541860456,-0.98659711732683286) (0.937083593849666,0.34910505315419471) (0.59240470256339139,0.80564053298029881) (-0.94784483356693183,-0.31873213123322569) (-0.85703524320988256,0.51525779168895403) (-0.35943164324713772,-0.93317141717514052) (-0.95896509616761461,-0.28352415123272595) (0.83567398467761556,0.54922581087657873) (-0.12160440780382464,-0.99257864575190191) (0.52946830910673981,0.84832971753419617) (-0.97243806013502543,-0.23316135872144106) (0.75477615697940514,-0.65598243334360673) (0.98688774107183108,-0.16140813648059155) (-0.12557249637520096,-0.99208444608012081) (-0.97224648488493237,0.2339589122664322) (-0.23618387090341794,-0.97170838173038165) (0.98040197592765221,-0.19700752675254296) (0.47216015797687039,0.88151278222114082) (0.59063487727211728,-0.80693893309825526) (-0.70118821754648586,-0.71297621529331612) (0.7714629907755064,0.63627419707521538) (0.60850986440147126,0.79354630925113778) (-0.52564521070966808,0.85070389234914634) (-0.906586797482963,-0.42201940551304584) (-0.527547057256743,-0.84952581030816865) (-0.2782052345407845,0.96052165382884824) (0.088842562557409521,0.99604568122061099) (-0.99950443370266051,-0.031478357783150668) (0.74363868625781337,0.66858171101276165) (-0.71817222124334501,0.69586540410800657) (-0.99934650177184925,0.036146499088667794) (-0.99967605840907248,0.025451488044906434) (0.77575296147770267,-0.6310367206102776) (0.57710403155592493,0.81667064154522973) (0.46362143921727245,-0.88603338599519144) (-0.20526401771017055,0.97870663788158629) (0.52008495569279767,0.85411453497878098) (0.99961323123791335,-0.027809853183681232) (-0.85530057479243182,-0.51813215182975758) (0.2605066925522514,-0.96547204161253952) (0.99963714875713183,-0.026936421898839991) (-0.63018352418371781,0.77644621568231476)


# name: N
# type: scalar
45


# name: argn
# type: sq_string
# elements: 1
# length: 1
x


# name: info
# type: complex matrix
# rows: 1
# columns: 44
 (-7.7715611723760958e-16,-1.609823385706477e-15) (-1.3322676295501878e-15,8.8817841970012523e-16) (2.2204460492503131e-16,1.6653345369377348e-15) (-1.1102230246251565e-16,5.5511151231257827e-16) (6.9388939039072284e-16,-2.7755575615628914e-15) (1.1102230246251565e-15,-8.3266726846886741e-16) (9.9920072216264089e-16,7.7715611723760958e-16) (3.3306690738754696e-16,8.8817841970012523e-16) (-1.8873791418627661e-15,3.3306690738754696e-16) (1.1102230246251565e-16,2.2204460492503131e-16) (-6.106226635438361e-16,1.1102230246251565e-15) (-8.8817841970012523e-16,1.1102230246251565e-15) (-1.4988010832439613e-15,-2.1094237467877974e-15) (-1.1102230246251565e-16,1.4432899320127035e-15) (3.3306690738754696e-16,-1.1102230246251565e-15) (-7.7715611723760958e-16,3.8857805861880479e-16) (0,1.1102230246251565e-16) (5.5511151231257827e-16,-6.6613381477509392e-16) (-1.9984014443252818e-15,9.9920072216264089e-16) (-8.9858676055598607e-16,7.7715611723760958e-16) (2.7755575615628914e-16,1.6653345369377348e-15) (-2.2204460492503131e-16,2.7755575615628914e-16) (-1.1102230246251565e-16,-8.6042284408449632e-16) (3.1086244689504383e-15,-1.1102230246251565e-16) (3.3306690738754696e-16,1.1102230246251565e-16) (3.3306690738754696e-16,5.5511151231257827e-16) (-1.1102230246251565e-16,3.3306690738754696e-16) (1.1102230246251565e-16,1.4432899320127035e-15) (1.6653345369377348e-15,1.8318679906315083e-15) (-5.5511151231257827e-17,2.2204460492503131e-16) (-5.5511151231257827e-16,0) (1.3877787807814457e-16,-4.4408920985006262e-16) (-1.4432899320127035e-15,-1.27675647831893e-15) (3.3306690738754696e-16,-1.5543122344752192e-15) (-1.1102230246251565e-15,8.3266726846886741e-17) (6.6613381477509392e-16,9.9920072216264089e-16) (5.5511151231257827e-16,-9.4368957093138306e-16) (-9.4368957093138306e-16,-9.9920072216264089e-16) (2.55351295663786e-15,-2.2204460492503131e-16) (9.9920072216264089e-16,-8.3266726846886741e-16) (7.2164496600635175e-16,-6.6613381477509392e-16) (-4.4408920985006262e-16,1.4432899320127035e-15) (1.1102230246251565e-16,-4.4408920985006262e-16) (-4.4408920985006262e-16,1.6653345369377348e-15)


# name: is_convergent
# type: scalar
5.6796711388046322e-14


# name: is_unimodular
# type: matrix
# rows: 1
# columns: 45
 2.0818443990234425 2.081844399023443 2.081844399023443 2.081844399023443 2.0818443990234425 2.0818443990234425 2.0818443990234434 2.081844399023443 2.0818443990234443 2.0818443990234425 2.0818443990234434 2.0818443990234434 2.0818443990234425 2.0818443990234425 2.0818443990234434 2.081844399023443 2.0818443990234425 2.0818443990234434 2.081844399023443 2.081844399023443 2.0818443990234421 2.081844399023443 2.081844399023443 2.081844399023443 2.0818443990234425 2.081844399023443 2.081844399023443 2.0818443990234434 2.0818443990234439 2.081844399023443 2.0818443990234421 2.081844399023443 2.0818443990234425 2.081844399023443 2.081844399023443 2.081844399023443 2.081844399023443 2.081844399023443 2.081844399023443 2.0818443990234434 2.0818443990234425 2.081844399023443 2.081844399023443 2.0818443990234425 2.0818443990234439


# name: spectrum
# type: scalar
6.7082039324993641


# name: x
# type: complex matrix
# rows: 1
# columns: 45
 (-2.0427804125273106,0.40140289976534699) (1.9658254342074284,0.68527838428514376) (1.7783069941846716,1.082451077961105) (-1.9907381577803176,0.60912863083482405) (0.80384334419730352,-1.9203937043572537) (-1.9959188331817697,0.59193252410692987) (0.79707227652994617,1.9232139474672734) (-0.92598752596169709,1.8645705144908349) (-0.90381126033180004,1.8754203015438242) (-1.7053368228351593,-1.1941115619688825) (-0.29670221458212104,-2.0605930936522494) (-1.7147863567248387,1.1805015258506175) (-0.40415080101247436,-2.0422385344974407) (-2.02988129424826,0.46223157941262299) (-1.7846721662957921,-1.0719241393841108) (1.9521446260711939,0.72333080996639398) (-1.5621470269808255,-1.3761441668082044) (1.8790302569318533,-0.89628198424374006) (2.0579135663092365,-0.31475046520327987) (-0.28894555906870684,2.0616950709646065) (0.94355785545221871,-1.8557410043321476) (-1.8188486809349416,-1.0128502246662647) (2.0717336218497748,0.20492901659475965) (0.30908369955867598,2.058772296397152) (1.8262863424491624,-0.99937695447160435) (-1.2188187262398933,-1.6877668720271306) (-1.8677593160549684,-0.91953860116645292) (-0.30737839011569124,-2.059027592587134) (2.0502465100624021,-0.36133827602708246) (1.23812690272903,-1.6736540486265075) (-0.98597638295234891,-1.833555746086134) (0.14052421614994032,-2.0770963016722952) (-2.0214321397434767,0.49788372754829846) (-1.8449771240841222,0.96443533393979375) (-2.0817037316312663,-0.024200732586888769) (-1.8111776926603385,-1.0265044896905484) (1.9467874882958236,0.73762766838027427) (0.56822775633190181,-2.0027963747418993) (0.58096204151813591,1.9991396169503421) (1.8715315178507022,0.91183654206043374) (0.87894518098815333,-1.887202021661428) (-1.6781378269763927,1.2320428301874218) (-1.8828236910636342,-0.88828545530971803) (1.9647569707439927,-0.68833578118398586) (-2.0533876925445065,-0.34303802391576171)


# name: x0
# type: complex matrix
# rows: 1
# columns: 45
 (-2.0427804125273106,0.40140289976534699) (1.9658254342074284,0.68527838428514376) (1.7783069941846716,1.082451077961105) (-1.9907381577803176,0.60912863083482405) (0.80384334419730352,-1.9203937043572537) (-1.9959188331817697,0.59193252410692987) (0.79707227652994617,1.9232139474672734) (-0.92598752596169709,1.8645705144908349) (-0.90381126033180004,1.8754203015438242) (-1.7053368228351593,-1.1941115619688825) (-0.29670221458212104,-2.0605930936522494) (-1.7147863567248387,1.1805015258506175) (-0.40415080101247436,-2.0422385344974407) (-2.02988129424826,0.46223157941262299) (-1.7846721662957921,-1.0719241393841108) (1.9521446260711939,0.72333080996639398) (-1.5621470269808255,-1.3761441668082044) (1.8790302569318533,-0.89628198424374006) (2.0579135663092365,-0.31475046520327987) (-0.28894555906870684,2.0616950709646065) (0.94355785545221871,-1.8557410043321476) (-1.8188486809349416,-1.0128502246662647) (2.0717336218497748,0.20492901659475965) (0.30908369955867598,2.058772296397152) (1.8262863424491624,-0.99937695447160435) (-1.2188187262398933,-1.6877668720271306) (-1.8677593160549684,-0.91953860116645292) (-0.30737839011569124,-2.059027592587134) (2.0502465100624021,-0.36133827602708246) (1.23812690272903,-1.6736540486265075) (-0.98597638295234891,-1.833555746086134) (0.14052421614994032,-2.0770963016722952) (-2.0214321397434767,0.49788372754829846) (-1.8449771240841222,0.96443533393979375) (-2.0817037316312663,-0.024200732586888769) (-1.8111776926603385,-1.0265044896905484) (1.9467874882958236,0.73762766838027427) (0.56822775633190181,-2.0027963747418993) (0.58096204151813591,1.9991396169503421) (1.8715315178507022,0.91183654206043374) (0.87894518098815333,-1.887202021661428) (-1.6781378269763927,1.2320428301874218) (-1.8828236910636342,-0.88828545530971803) (1.9647569707439927,-0.68833578118398586) (-2.0533876925445065,-0.34303802391576171)


