# Created by Octave 5.2.0, Fri Sep 17 14:20:46 2021 UTC <root@0x00>
# name: F_norm
# type: scalar
8.4953632425315818e-14


# name: H
# type: complex matrix
# rows: 31
# columns: 31
 (1,0) (1.0000000000000002,-5.5511151231257852e-17) (1.0000000000000004,-1.110223024625157e-16) (1,-5.5511151231257839e-17) (1.0000000000000002,-1.110223024625157e-16) (1.0000000000000002,-1.110223024625157e-16) (1.0000000000000002,-1.110223024625157e-16) (1.0000000000000002,-5.5511151231257852e-17) (1.0000000000000002,-5.5511151231257852e-17) (1,-5.5511151231257839e-17) (1.0000000000000002,-8.3266726846886765e-17) (1.0000000000000002,-6.9388939039072308e-17) (1.0000000000000004,-6.9388939039072321e-17) (1.0000000000000004,-5.5511151231257864e-17) (1.0000000000000002,-5.5511151231257852e-17) (1,-5.5511151231257839e-17) (1.0000000000000002,-5.5511151231257852e-17) (1.0000000000000002,-8.3266726846886765e-17) (1.0000000000000002,-4.1633363423443395e-17) (1.0000000000000004,-1.110223024625157e-16) (1.0000000000000002,-5.5511151231257852e-17) (1.0000000000000002,-5.5511151231257852e-17) (1.0000000000000002,-5.5511151231257852e-17) (1.0000000000000004,-5.204170427930425e-17) (1.0000000000000002,-1.110223024625157e-16) (1.0000000000000002,-5.5511151231257852e-17) (1.0000000000000002,-1.110223024625157e-16) (1.0000000000000002,-5.5511151231257852e-17) (1.0000000000000002,-5.5511151231257852e-17) (1.0000000000000002,-5.5511151231257852e-17) (1.0000000000000002,-4.1633363423443395e-17)
 (1,5.5511151231257827e-17) (-0.82208083430215706,0.56937079471383978) (0.85172987255016208,-0.52398112962747512) (-0.17063104749855035,0.98533499157877691) (0.38976086399921805,0.92091610307051519) (-0.37493292765058805,0.92705194016482084) (-0.99911358354048518,0.042095690811414177) (0.10806051855296189,0.99414431765718247) (-0.20214819741686685,0.97935494397134271) (-0.81965577743737472,-0.57285635766179033) (0.79046192024784012,-0.61251118572487928) (0.98558402228280062,-0.16918668689012129) (-0.49894612548930772,-0.86663300413681976) (-0.96555099757395291,-0.26021389487101615) (0.2024493305313525,0.97929273895368385) (-0.26317363267411042,-0.96474848487318798) (0.23399058021177721,0.97223886384579217) (-0.36183084354500866,-0.93224376675819454) (-0.57049052656686894,-0.82130418183365927) (-0.99259558874493603,-0.1214660331289959) (0.92022828391175571,-0.39138204543492539) (0.91918046068512627,-0.39383661675202197) (0.90017287327540496,-0.43553277513764987) (-0.14267141647715847,0.98977010811622368) (0.35963506251667521,-0.93309304027445594) (-0.99955941205449506,0.029681337120694706) (0.90758862353838687,0.41986056069092303) (0.99977031952418183,0.021431476816011985) (0.53682952030245024,-0.84369074081196471) (-0.96277569459543977,-0.27030161282587423) (-0.95928564656279269,0.28243768923181112)
 (1,-5.5511151231257827e-17) (0.94942211623548156,-0.31400261973897636) (0.64411973066073636,-0.76492468424907079) (-0.093576939071471521,-0.99561205118962626) (0.99835120845059477,0.057400911014012845) (0.96369435033434137,0.26700786343040911) (-0.58797298649576957,0.8088805642066359) (-0.13553580996069575,0.9907724482535325) (0.9280650271804376,0.37241818608195537) (-0.89114914520434418,0.45371048147642268) (0.97202623040924008,0.23487232147786907) (-0.85621220040496737,0.51662430051022978) (0.39498578857223887,0.91868723014199294) (0.027192389825811514,-0.99963021859863865) (-0.33887382144686495,0.94083183042348162) (-0.98314998791671804,0.18280071460297259) (-0.9767290661476481,0.21447687833970225) (-0.94921121235731098,0.31463959435386452) (0.77060926464159973,-0.63730790144837535) (-0.19769107986259471,-0.98026437094426822) (0.99998219114273501,0.0059680312814205938) (-0.8675206542356142,0.49740116050790689) (-0.84238761184863287,0.53887207331977915) (-0.021134244217040632,-0.99977664691738777) (-0.69859023454243407,-0.71552196626095776) (0.5847123031968009,-0.81124073029544874) (0.77128401929836077,0.63649113236161092) (-0.73775400109571299,-0.67506965112295392) (-0.76718580778145806,0.64142492650248017) (0.90300587723634052,-0.4296281946947007) (-0.96277569459543977,-0.27030161282587417)
 (0.99999999999999989,0) (0.63757760215175707,-0.77038613774808784) (-0.41338244524667145,0.91055749624166116) (-0.82666828324131736,-0.56268956759731503) (-0.71944581235005423,0.69454857504135148) (0.16726074028956722,-0.98591269631635592) (0.99896379800397461,-0.045511869632816296) (0.96975473659288158,0.24408144307929383) (0.99783603598681625,0.065751389993805531) (0.75319308879037339,0.65779949148537398) (0.16615761519677719,-0.98609920743915014) (-0.97872920717021838,0.20515637701995915) (-0.97325351669301252,-0.2297337420682567) (0.40457582369323025,0.91450445755225518) (-0.90028656101332372,0.43529772347073431) (-0.98118364770242927,0.19307679684870138) (0.63940250156583567,0.76887218768229115) (-0.7579036032838129,-0.65236655963454504) (-0.93235984755802015,-0.36153162332164718) (0.66527121410247991,-0.74660177583944454) (0.76744170857933247,0.64111872842152706) (-0.7822417985241068,0.62297493420022243) (0.32012317287264358,-0.94737593076347071) (0.64394531871280625,0.76507151725042177) (0.99733415531701219,0.072969737823997433) (-0.88045325705848509,-0.47413295828818441) (-0.70619586374401144,0.70801652666505577) (-0.90574286646592339,-0.42382762987574574) (0.85936548567490811,-0.51136186994214727) (-0.76718580778145795,0.64142492650248017) (0.53682952030245001,-0.84369074081196471)
 (1,0) (-0.92169012751708124,-0.38792693749924911) (0.91027711360187524,-0.41399948846905393) (0.030956040191656375,-0.99952074694608151) (0.93254020418681027,-0.36106615401505421) (0.58156712889965145,-0.81349841707492998) (-0.90443952637999314,0.42660185550643637) (-0.75149292479334351,0.65974114922865446) (-0.99321556563372093,0.11628774734634389) (0.10889421917142533,-0.99405334315168692) (0.48644374404596591,0.87371189981511788) (0.84203731356001299,-0.53941928272229589) (-0.27165840905697619,0.9623937389595969) (0.071565675865544187,0.99743588968810815) (-0.92726781295705496,-0.37439872202484914) (-0.28350041152622768,0.95897211464383025) (0.5426966971341195,-0.83992874395374628) (0.99821069772722837,-0.059794673198538706) (-0.89468314614618305,0.44670131855857204) (0.074927612325515702,0.99718897552630281) (0.97111155964328244,-0.2386259389236462) (0.27204875036482185,0.96228347041032514) (-0.99292209143733257,0.11876750538642417) (0.097500165998609278,0.99523550862609622) (0.78235743578188721,0.62282970600059728) (-0.49976355632825636,-0.86616187157259128) (0.35283192100320615,-0.93568671868376274) (-0.97160615968798847,-0.23660403727823154) (-0.90574286646592339,-0.42382762987574568) (-0.73775400109571299,-0.6750696511229537) (0.99977031952418183,0.021431476816011985)
 (0.99999999999999989,0) (-0.80968956139834947,0.58685842770002772) (-0.98480127524932493,0.17368491087973997) (0.27328506010598108,0.96193309326733889) (0.92458783700017311,-0.38096893793502695) (0.0065195684585983293,0.99997874738772041) (-0.52873755720851856,0.84878536485802425) (-0.54000016429768416,-0.8416649110890122) (-0.5127256276284029,-0.85855252068412247) (0.89065987302714222,0.45467019979241508) (-0.54094146507662844,-0.84106024240880117) (0.6437987277388374,0.76519487593805402) (-0.89727719799279504,-0.4414675865363154) (0.49421049279602125,-0.86934227368184169) (-0.95624261999647575,0.2925748651239129) (-0.095857391056328192,0.99539507763494273) (-0.99955514815906543,-0.029824583630112048) (-0.98348724205883764,-0.18097747016549143) (-0.63527647592740399,-0.77228479146831464) (0.93492760235682293,-0.354838524333706) (0.4781648198891793,0.87827012076032163) (0.78556625066438734,-0.61877755762236319) (0.67986946087409339,0.73333315496489748) (0.0026782897913340264,-0.99999641337546541) (0.96921148157776804,0.24622977882016805) (-0.81315990812489913,-0.58204034552452266) (-0.11123653020156717,-0.99379395970629458) (0.35283192100320626,-0.93568671868376274) (-0.70619586374401155,0.70801652666505588) (0.77128401929836066,0.63649113236161114) (0.90758862353838698,0.41986056069092292)
 (1,0) (-0.50705487173199415,0.86191377588065676) (0.041175531251704645,0.99915192820018128) (-0.42267220123621591,-0.90628263268261533) (-0.4442404641981833,0.89590759008336573) (0.42576872372061864,0.90483202524077155) (-0.46348084448676719,-0.88610693868958823) (-0.99987911815147357,-0.015548282369192812) (0.69657895590798702,-0.71748014480272548) (0.35382891886144474,0.9353101604159666) (0.81357426624664309,-0.58146101614917955) (-0.92263283167915433,-0.385679475611168) (-0.084230080238504423,-0.99644633251521153) (0.9590448459128138,0.28325427362719119) (0.99278183790626606,-0.11993424166374339) (0.83958587514372185,0.54322698594524044) (-0.8400249757702869,0.54254773069484807) (0.6987822504881408,0.71533444374133814) (0.75680711868323469,0.6536382677830147) (0.84141231571622743,0.54039366665520439) (0.36406651402001478,-0.93137295073956006) (0.97271449693195788,0.23200540394225494) (0.019687707710571545,-0.99980617829912588) (-0.50818834848500993,0.86124595933106074) (-0.99803270328030758,0.062695479765312756) (-0.97714908887411567,0.21255507077575597) (-0.81315990812489913,-0.58204034552452266) (-0.49976355632825636,-0.86616187157259139) (-0.88045325705848509,-0.47413295828818453) (0.58471230319680101,-0.81124073029544852) (-0.99955941205449494,0.029681337120694595)
 (0.99999999999999989,0) (0.83861832190091201,-0.54471947842178203) (0.0099314763243513182,-0.99995068167286061) (0.98723228627003334,0.15928720270644381) (-0.69161182535032784,0.72226939782576183) (0.64150604422719404,0.76711797998741882) (0.43697580164148153,0.89947326184816934) (-0.8469864004304537,0.53161455725540807) (-0.24622704657478206,0.9692121757051243) (0.98714655441171151,-0.15981764643832941) (-0.83668903451266374,-0.54767824452525682) (-0.72425565142344606,0.68953154487753443) (-0.096601554048356963,-0.99532313333682909) (0.2070898872334416,-0.97832191972051852) (0.11277254746748597,-0.99362082935981888) (0.3493228026651447,0.93700244372048902) (0.35954608012645012,-0.93312733121782732) (-0.79195999104936687,-0.61057298710071239) (-0.21792250815196762,0.97596607545588165) (0.64952686620383904,0.76033864171132337) (-0.98037183246782045,-0.19715747539388101) (0.0024857955708378898,0.99999691040541716) (-0.982602529744803,0.18572094265083494) (-0.98152240013012471,-0.19134727080049924) (-0.59731888752937112,-0.802003832036154) (-0.99803270328030746,0.062695479765312867) (0.96921148157776771,0.24622977882016794) (0.78235743578188699,0.62282970600059717) (0.99733415531701197,0.07296973782399746) (-0.69859023454243396,-0.71552196626095754) (0.35963506251667521,-0.93309304027445594)
 (1,0) (-0.82692501812103647,-0.56231220367827983) (0.99716279072037362,0.075275286799563357) (0.18539620907246834,0.98266385181381233) (-0.82063209678011417,0.57145687653074462) (0.70339738718546885,-0.71079681745253775) (0.44784308799494971,-0.89411216775925184) (-0.80065185055318744,-0.59912988091544628) (0.74861113930330947,-0.66300932279342917) (0.88191119613895463,0.47141557263709388) (0.92748038073442762,0.37387182743919389) (0.041693527946571329,-0.99913044680230234) (0.080218484905341114,0.99677730445646273) (-0.97979038686911413,0.20002699267566937) (0.35520722176812125,0.93478758528543437) (-0.49789872713649863,-0.86723518004971112) (-0.81971040190836075,-0.57277819180135892) (-0.36191974166718921,-0.93220925794134613) (-0.94980139848473921,0.31285348557501025) (0.99965088716273598,-0.026421653898943742) (-0.093687002813613585,0.99560170023147432) (-0.54318085796681526,-0.83961571896816878) (-0.68149513033041698,0.73182264746038617) (0.91651293450494864,-0.40000505107451934) (-0.98152240013012504,-0.19134727080049918) (-0.50818834848500982,0.86124595933106085) (0.0026782897913339432,-0.99999641337546541) (0.097500165998609334,0.995235508626096) (0.64394531871280614,0.765071517250422) (-0.021134244217040576,-0.99977664691738777) (-0.14267141647715853,0.98977010811622357)
 (1,5.5511151231257827e-17) (0.68083363013075071,0.73243809846497254) (0.097344660399744154,0.99525073076670423) (0.99463245176957871,0.10347118384766604) (0.66687475653406703,0.74516981896587198) (-0.9333665210333566,0.35892469602144955) (0.82820572331317288,0.56042419636495444) (0.2113145348306246,-0.97741811287151714) (-0.76303222073829935,-0.6463604490647461) (0.25515207551114766,0.96690093513366437) (-0.30648514123243176,-0.95187544258885981) (0.069958578597731524,-0.99754989713827658) (0.58415339973052149,0.811643274834009) (-0.99920891860061745,-0.039768542706326904) (-0.8533577544416171,0.52132575510362256) (-0.69800373811269911,-0.71609411503006981) (-0.78364646609044109,-0.62120706385549451) (0.99534747597918805,0.096350412878515423) (0.90035704380755444,0.43515192021421834) (-0.33309963962203498,-0.94289163220577521) (-0.5410773129002987,-0.84097285417817969) (0.89863988212608625,-0.43868708922467098) (-0.39198235132990072,0.91997273668619317) (-0.68149513033041709,0.73182264746038628) (-0.98260252974480322,0.185720942650835) (0.019687707710571434,-0.9998061782991261) (0.67986946087409339,0.73333315496489759) (-0.99292209143733279,0.118767505386424) (0.3201231728726438,-0.94737593076347093) (-0.84238761184863309,0.53887207331977904) (0.90017287327540496,-0.43553277513764999)
 (1,0) (-0.98799450898246177,0.15448899708556468) (0.75114085227007876,0.66014196961788407) (-0.86552382421771767,-0.50086775670982964) (-0.15330787314028183,0.9881784737754632) (-0.99449805316232875,-0.10475505838067264) (0.99914287955956316,0.04139451926794932) (-0.80593669137195478,0.59200173099445086) (0.64703990697574909,0.76245613564375903) (-0.19143607062690071,0.98150508448144702) (0.44985991909828787,0.89309912842241779) (-0.030867711164271339,-0.99952347866744939) (-0.99999849233225646,0.0017364714840665263) (0.089915575628019218,-0.99594939091275192) (0.28264524509876621,-0.95922451252199459) (0.35609355183975377,0.9344503102563283) (0.84823310788577166,-0.52962306849914031) (-0.68213693665838049,0.73122445230334077) (-0.05993687350610033,-0.99820216949990304) (-0.5211454840685491,-0.85346785788039914) (-0.28699842268595882,-0.95793105460454309) (-0.50198242205550792,-0.8648778225548891) (0.89863988212608614,-0.43868708922467092) (-0.54318085796681526,-0.83961571896816889) (0.0024857955708380008,0.99999691040541738) (0.97271449693195777,0.23200540394225497) (0.78556625066438723,-0.61877755762236308) (0.27204875036482168,0.96228347041032514) (-0.78224179852410669,0.62297493420022254) (-0.86752065423561409,0.49740116050790695) (0.91918046068512615,-0.39383661675202192)
 (1,-2.7755575615628914e-17) (-0.97987970746177866,0.19958897490748284) (-0.95479503219065598,0.29726494328131559) (-0.9628269323442602,0.27011904477941223) (0.50469703635914775,-0.86329653161025377) (-0.58732942733553606,-0.80934797447433693) (0.89263402968707528,0.45078208598458558) (-0.33154076998187687,0.94344089260526809) (-0.02518490985011701,-0.99968280985312652) (0.30609896406225301,-0.95199969758399405) (0.061767308518473368,0.99809057685081093) (0.22974051028885834,0.97325191904882224) (-0.98900106433070134,0.14790839987215412) (0.7861083294443737,0.61808874312527107) (0.95796300699642511,0.28689175175729209) (-0.91102133745020475,-0.41235921562448374) (-0.98095796089280385,0.1942201816522503) (-0.49998837803595286,-0.86603211362453369) (0.85337019649639123,0.52130538816677374) (-0.44984853087204635,0.8931048646560279) (-0.51886583742567094,-0.85485568533674638) (-0.28699842268595899,-0.95793105460454298) (-0.54107731290029859,-0.84097285417817957) (-0.093687002813613612,0.99560170023147432) (-0.98037183246782045,-0.1971574753938809) (0.36406651402001466,-0.93137295073956006) (0.47816481988917914,0.87827012076032152) (0.97111155964328244,-0.23862593892364617) (0.76744170857933236,0.64111872842152706) (0.99998219114273468,0.005968031281420566) (0.92022828391175571,-0.39138204543492544)
 (1,0) (-0.97934354163262927,0.20220343088696113) (-0.93926159579550117,0.34320206098403383) (0.2684428790890091,-0.96329560398997116) (-0.26842303273024976,-0.96330113438109077) (0.25254338639915275,0.96758557140236856) (0.26454336183279625,0.96437379148865421) (-0.6900096091868394,0.72380020670750378) (-0.58686071024368103,-0.80968790701867521) (-0.83433858140065575,0.55125233023211928) (0.053965771595383516,-0.99854278601175384) (-0.16949961127266722,0.98553025411623696) (0.93866421910891873,-0.3448325445265345) (0.86934366687675624,0.49420804208478442) (-0.76082513542668972,0.64895694256472836) (0.41396293677073298,-0.91029373664776458) (0.55718749702405934,-0.83038671301994194) (0.16283223628806398,0.98665377049166958) (-0.74613700043013742,0.66579244257434778) (-0.47812331156328181,-0.87829271825500244) (-0.4498485308720464,0.89310486465602801) (-0.52114548406854944,-0.85346785788039925) (-0.33309963962203498,-0.94289163220577521) (0.99965088716273598,-0.026421653898943645) (0.64952686620383926,0.76033864171132348) (0.84141231571622743,0.54039366665520416) (0.93492760235682304,-0.35483852433370605) (0.074927612325515591,0.99718897552630292) (0.66527121410247991,-0.74660177583944454) (-0.19769107986259471,-0.98026437094426799) (-0.99259558874493603,-0.12146603312899583)
 (0.99999999999999989,0) (0.74683459790668338,-0.66500983704721406) (0.63954316518086118,-0.76875518851611302) (0.29611298831643473,0.95515291872574548) (-0.96882269628240225,0.2477550870680475) (-0.9999576995457633,0.0091977779460337139) (0.40701414049725138,0.91342185732293646) (0.87864995658061384,-0.47746649495109555) (0.66501194239999961,0.74683272321543259) (-0.13850972042947884,-0.99036107422825703) (0.20447913856387756,-0.97887092197703685) (0.23554481677048836,0.97186348799229849) (-0.88982852192280637,0.45629508168801658) (0.97790913742884888,-0.20903042585509998) (0.19013386206469118,-0.98175817516146258) (-0.88860268659989416,-0.45867773585323485) (-0.99763033931469658,-0.068801933685347372) (0.9951037798912683,0.098835556588247553) (-0.62752170836333709,0.77859906597218442) (-0.74613700043013731,0.66579244257434789) (0.85337019649639134,0.52130538816677374) (-0.059936873506100441,-0.99820216949990304) (0.90035704380755455,0.43515192021421822) (-0.94980139848473932,0.31285348557501025) (-0.21792250815196768,0.97596607545588188) (0.75680711868323469,0.65363826778301459) (-0.63527647592740388,-0.77228479146831475) (-0.89468314614618294,0.44670131855857198) (-0.93235984755802015,-0.36153162332164718) (0.77060926464159962,-0.63730790144837535) (-0.57049052656686894,-0.82130418183365927)
 (1,5.5511151231257827e-17) (0.001362713329137899,-0.99999907150576051) (0.6224916893100334,0.78262640943169093) (-0.99517053979310899,0.098161075421431043) (-0.093751594519337844,-0.99559561998086465) (0.73775002521276156,0.67507399616528629) (-0.52762045556745552,0.84948022629534514) (0.079564062372584288,-0.99682975476195101) (-0.95144955879469362,-0.30780470605463939) (0.88253061731874904,0.47025494095754883) (0.98179835754866973,-0.18992626230917842) (0.80028248252036049,0.59962317180963631) (0.15246151423739326,0.9883094083719135) (-0.38621033586107251,0.92241074173823323) (-0.98149816565649628,-0.1914715404777782) (0.50733649237286071,-0.86174803945631484) (0.66191221295526592,0.74958136472344583) (-0.95362800870368214,-0.30098774230165876) (0.99510377989126853,0.098835556588247553) (0.16283223628806387,0.98665377049166958) (-0.49998837803595275,-0.86603211362453369) (-0.6821369366583806,0.73122445230334066) (0.99534747597918793,0.096350412878515423) (-0.36191974166718904,-0.93220925794134624) (-0.79195999104936698,-0.61057298710071251) (0.69878225048814091,0.71533444374133814) (-0.98348724205883753,-0.18097747016549143) (0.99821069772722837,-0.05979467319853865) (-0.75790360328381301,-0.65236655963454515) (-0.94921121235731087,0.31463959435386452) (-0.36183084354500872,-0.93224376675819454)
 (1,5.5511151231257827e-17) (-0.23333817260840292,-0.9723956484907631) (0.98385717727045252,-0.17895545460649787) (-0.12985358203747954,-0.99153318009637814) (0.99176032213331067,-0.12810723415183461) (-0.61364285403287289,0.78958371797700544) (0.87681031653987052,-0.48083642625039585) (0.72961312997943562,-0.68386013230894771) (-0.6079135777813216,0.79400320021339565) (-0.96169016926543038,0.27413868449788009) (-0.19923492742965826,0.97995175579826344) (-0.009139487732408913,0.99995823400979589) (0.88191887479189179,0.47140120734444918) (0.8868025833209211,0.46214843742605205) (0.53363445933936704,-0.84571523801193416) (-0.95634101369060698,-0.29225308472832662) (-0.61795739741704447,0.78621158410287628) (0.66191221295526603,0.74958136472344583) (-0.99763033931469658,-0.068801933685347372) (0.55718749702405956,-0.83038671301994205) (-0.98095796089280407,0.1942201816522503) (0.84823310788577166,-0.52962306849914054) (-0.78364646609044097,-0.62120706385549451) (-0.81971040190836075,-0.57277819180135903) (0.35954608012645023,-0.93312733121782765) (-0.84002497577028701,0.54254773069484807) (-0.99955514815906543,-0.029824583630112145) (0.54269669713411972,-0.83992874395374639) (0.63940250156583567,0.76887218768229126) (-0.9767290661476481,0.21447687833970225) (0.23399058021177718,0.97223886384579217)
 (0.99999999999999989,0) (0.36120524316021557,0.93248633894206123) (-0.85208126280712704,0.52340951612767905) (0.97418238734353801,0.22576243307876809) (-0.29017817732222778,-0.95697263566203961) (0.88136888350372833,0.47242871546021736) (-0.65641613472925742,-0.75439900455070974) (0.93098293642278795,-0.36506269610794567) (0.95131887011283633,-0.30820838302556985) (-0.071139321743892814,-0.99746638885820027) (0.64478908894566089,0.76436053716595298) (0.96463191019674288,0.26360060286384424) (-0.27353134309131721,-0.96186309022992478) (-0.83619210511574693,0.54843665390097263) (0.87140453592304179,0.49056511777005546) (-0.50791459572547992,0.86140743173542533) (-0.95634101369060698,-0.29225308472832634) (0.50733649237286049,-0.86174803945631484) (-0.88860268659989428,-0.45867773585323485) (0.41396293677073276,-0.91029373664776436) (-0.91102133745020497,-0.4123592156244838) (0.35609355183975383,0.93445031025632841) (-0.698003738112699,-0.7160941150300697) (-0.49789872713649852,-0.8672351800497109) (0.34932280266514482,0.93700244372048913) (0.83958587514372196,0.54322698594524021) (-0.095857391056328067,0.99539507763494273) (-0.28350041152622757,0.95897211464383014) (-0.98118364770242938,0.19307679684870133) (-0.98314998791671782,0.1828007146029727) (-0.26317363267411048,-0.96474848487318776)
 (1,0) (-0.33294961201615819,-0.94294461971967936) (-0.79318912145825871,0.60897538341075497) (0.99361472794474892,-0.11282629308491826) (-0.99561673087505775,-0.093527136178037207) (-0.34873565858072803,0.93722112675412272) (0.65655817879077005,-0.7542753859585688) (0.52950747973920209,0.84830526869767797) (-0.99538008384391552,-0.096012961035894295) (0.53371510522689503,-0.84566434621109876) (0.89421462890258074,-0.44763846735576734) (-0.82281968494739688,0.56830253040354051) (0.99994295903167374,0.010680762284663747) (-0.96829299056827667,-0.24981730207562564) (0.86879062649692629,-0.49517961116253517) (0.8714045359230419,0.49056511777005563) (0.53363445933936704,-0.84571523801193427) (-0.9814981656564965,-0.1914715404777782) (0.19013386206469118,-0.9817581751614628) (-0.76082513542668995,0.64895694256472847) (0.95796300699642545,0.2868917517572922) (0.28264524509876637,-0.95922451252199481) (-0.8533577544416171,0.52132575510362256) (0.35520722176812142,0.9347875852854346) (0.112772547467486,-0.99362082935981932) (0.99278183790626628,-0.11993424166374339) (-0.95624261999647597,0.29257486512391301) (-0.92726781295705518,-0.37439872202484925) (-0.90028656101332394,0.43529772347073437) (-0.33887382144686495,0.94083183042348173) (0.20244933053135267,0.97929273895368385)
 (0.99999999999999989,0) (0.39115097048842407,0.92032652807900917) (-0.77309508431420559,0.63429014702201636) (-0.96121012709418252,0.27581713429659394) (0.95246144056239135,-0.30465916077120525) (-0.77641010687401812,-0.63022801107525872) (-0.86882506829680806,-0.49511917827836877) (0.72554982547421432,-0.68816963806487186) (0.15004180830951674,0.98867965274865988) (0.78950738889379124,-0.61374105523592548) (-0.994215363640923,-0.10740489141723256) (-0.41711501634589532,-0.90885370832646251) (0.60345831116166138,-0.79739454894670292) (-0.45981165176096761,0.88801646657303079) (-0.96829299056827633,-0.2498173020756255) (-0.83619210511574682,0.5484366539009724) (0.88680258332092088,0.46214843742605183) (-0.38621033586107251,0.92241074173823323) (0.97790913742884877,-0.20903042585509976) (0.86934366687675602,0.4942080420847843) (0.78610832944437359,0.61808874312527107) (0.08991557562801919,-0.99594939091275192) (-0.99920891860061722,-0.039768542706326904) (-0.97979038686911391,0.20002699267566923) (0.20708988723344163,-0.9783219197205183) (0.95904484591281369,0.28325427362719113) (0.49421049279602125,-0.86934227368184147) (0.071565675865544132,0.99743588968810792) (0.4045758236932302,0.91450445755225518) (0.027192389825811597,-0.99963021859863832) (-0.96555099757395291,-0.26021389487101609)
 (0.99999999999999989,0) (0.64560277752858131,-0.76367339461800121) (-0.9379408054164855,-0.34679539433890105) (0.70247110225875065,0.71171226664388487) (0.80935632998303364,0.58731791315810833) (-0.1873855363242474,-0.98228644537959231) (-0.9299590069564756,-0.36766322277394975) (-0.14593333201131908,0.98929442665370071) (-0.73022834295666761,-0.68320316681259552) (-0.19487712574083543,0.9808276636917368) (0.012471007635015185,0.99992223396050517) (0.94744756552471887,-0.31991109793391559) (0.34749812013232512,-0.93768067939171085) (0.60345831116166138,-0.7973945489467027) (0.9999429590316733,0.010680762284663858) (-0.2735313430913171,-0.96186309022992456) (0.88191887479189146,0.47140120734444901) (0.15246151423739318,0.98830940837191317) (-0.88982852192280615,0.45629508168801641) (0.93866421910891851,-0.34483254452653439) (-0.98900106433070123,0.14790839987215404) (-0.99999849233225624,0.0017364714840664708) (0.58415339973052127,0.81164327483400855) (0.080218484905341003,0.99677730445646251) (-0.096601554048357019,-0.99532313333682898) (-0.084230080238504479,-0.99644633251521131) (-0.89727719799279471,-0.44146758653631529) (-0.27165840905697625,0.96239373895959668) (-0.97325351669301241,-0.22973374206825681) (0.39498578857223865,0.91868723014199272) (-0.49894612548930756,-0.86663300413681943)
 (1,-5.5511151231257827e-17) (-0.083261475176544641,-0.99652773506381898) (0.78215698413801604,0.62308141696260111) (0.49930085802227031,0.86642867749066566) (-0.61062790489384455,-0.79191764834795464) (-0.036340617996367175,-0.99933946158632292) (-0.95773500165146341,-0.28765198871496006) (0.70341517385218788,0.71077921550541745) (0.76586759240308044,-0.64299831330004986) (-0.95119443852541308,-0.30859219063081228) (-0.99824340129030298,-0.059246196336702639) (-0.94278582216831619,-0.33339900047602272) (0.94744756552471898,-0.31991109793391559) (-0.41711501634589537,-0.90885370832646262) (-0.82281968494739655,0.56830253040354028) (0.96463191019674277,0.26360060286384424) (-0.0091394877324089685,0.99995823400979567) (0.80028248252036049,0.5996231718096362) (0.23554481677048825,0.97186348799229827) (-0.16949961127266722,0.98553025411623685) (0.22974051028885822,0.97325191904882213) (-0.030867711164271283,-0.99952347866744939) (0.069958578597731524,-0.99754989713827635) (0.041693527946571274,-0.99913044680230234) (-0.72425565142344606,0.68953154487753454) (-0.92263283167915422,-0.38567947561116805) (0.64379872773883728,0.76519487593805413) (0.84203731356001299,-0.53941928272229578) (-0.9787292071702185,0.2051563770199589) (-0.85621220040496726,0.51662430051022945) (0.9855840222828004,-0.16918668689012126)
 (1.0000000000000002,0) (-0.90655969368275069,0.4220776253129726) (-0.44830839969004843,-0.89387895084700819) (-0.84903211939932044,0.52834123464698401) (-0.72953180900116543,0.68394688365068834) (0.9947489740660389,-0.10234490018835496) (-0.091419823579006132,0.9958124400994316) (0.34618985389418039,-0.93816447655020863) (-0.91845668463618935,0.39552157772629926) (-0.99667386531104851,-0.081493596103834831) (-0.98463647716692659,0.17461674556669893) (-0.99824340129030331,-0.059246196336702583) (0.012471007635015185,0.99992223396050561) (-0.99421536364092322,-0.10740489141723258) (0.89421462890258074,-0.44763846735576729) (0.64478908894566089,0.76436053716595342) (-0.19923492742965826,0.97995175579826355) (0.98179835754866995,-0.18992626230917847) (0.20447913856387778,-0.97887092197703707) (0.053965771595383627,-0.99854278601175406) (0.061767308518473285,0.99809057685081126) (0.44985991909828793,0.89309912842241779) (-0.30648514123243187,-0.95187544258885981) (0.92748038073442785,0.37387182743919389) (-0.83668903451266396,-0.54767824452525682) (0.81357426624664309,-0.58146101614917967) (-0.54094146507662855,-0.84106024240880128) (0.48644374404596602,0.8737118998151181) (0.16615761519677735,-0.98609920743915036) (0.97202623040924019,0.23487232147786913) (0.79046192024784023,-0.6125111857248795)
 (1.0000000000000002,0) (-0.99856957546872027,-0.053467774857571593) (-0.94668185185646858,0.3221699417475315) (0.93382659379008792,0.35772600231238788) (-0.29340247058184743,-0.95598901157726157) (0.28633435791964501,-0.95812975920526799) (-0.87048917196028308,-0.49218756739672109) (-0.80059471324346698,-0.59920622921212274) (0.34712627866362311,0.9378183974848997) (0.65047676700891621,0.75952615200638696) (-0.99667386531104851,-0.08149359610383472) (-0.95119443852541341,-0.30859219063081234) (-0.19487712574083554,0.98082766369173724) (0.78950738889379157,-0.6137410552359257) (0.53371510522689514,-0.84566434621109876) (-0.071139321743892703,-0.99746638885820038) (-0.96169016926543049,0.27413868449788026) (0.88253061731874904,0.47025494095754883) (-0.13850972042947879,-0.99036107422825725) (-0.83433858140065575,0.55125233023211928) (0.30609896406225312,-0.95199969758399428) (-0.19143607062690071,0.98150508448144724) (0.25515207551114777,0.96690093513366437) (0.88191119613895474,0.47141557263709405) (0.98714655441171184,-0.15981764643832952) (0.35382891886144485,0.93531016041596671) (0.89065987302714222,0.45467019979241502) (0.10889421917142539,-0.99405334315168714) (0.75319308879037361,0.65779949148537409) (-0.89114914520434418,0.45371048147642273) (-0.81965577743737483,-0.57285635766179033)
 (0.99999999999999989,-2.7755575615628914e-17) (0.34765562573753084,-0.9376222938332075) (0.44644163738106502,-0.89481275382758896) (0.69364504037434782,0.72031698436457114) (-0.60082019422536626,-0.79938419687343931) (-0.86610175874681916,0.49986772599925555) (-0.35386080089920396,-0.93529809878293557) (0.20225247604807461,0.97933341407940488) (-0.23388705681432775,0.97226377318849599) (0.347126278663623,0.93781839748489948) (-0.91845668463618901,0.39552157772629903) (0.76586759240308044,-0.64299831330004986) (-0.73022834295666772,-0.68320316681259574) (0.15004180830951686,0.98867965274865977) (-0.99538008384391508,-0.096012961035894351) (0.95131887011283622,-0.30820838302556963) (-0.60791357778132138,0.79400320021339543) (-0.95144955879469351,-0.30780470605463939) (0.66501194239999961,0.7468327232154327) (-0.58686071024368092,-0.8096879070186751) (-0.025184909850116899,-0.99968280985312652) (0.6470399069757492,0.76245613564375891) (-0.76303222073829913,-0.64636044906474599) (0.74861113930330947,-0.66300932279342906) (-0.246227046574782,0.9692121757051243) (0.69657895590798691,-0.71748014480272537) (-0.5127256276284029,-0.85855252068412202) (-0.99321556563372104,0.11628774734634374) (0.99783603598681625,0.065751389993805615) (0.92806502718043737,0.37241818608195532) (-0.20214819741686685,0.97935494397134248)
 (1,0) (0.72379826154102633,0.69001164960469186) (-0.92106109417141346,0.38941810538771587) (0.41751050613979901,-0.90867209556742146) (0.97999969413426669,0.1989989937078705) (-0.44730806431551795,-0.89437995035572249) (-0.69549249235888566,-0.71853336253261468) (-0.62374011132672946,-0.78163180175970248) (0.20225247604807473,0.97933341407940511) (-0.80059471324346698,-0.59920622921212263) (0.34618985389418039,-0.93816447655020851) (0.70341517385218799,0.71077921550541734) (-0.14593333201131908,0.98929442665370093) (0.72554982547421443,-0.68816963806487208) (0.52950747973920198,0.84830526869767775) (0.93098293642278795,-0.36506269610794545) (0.72961312997943562,-0.68386013230894771) (0.079564062372584177,-0.9968297547619509) (0.87864995658061396,-0.47746649495109561) (-0.6900096091868394,0.72380020670750367) (-0.33154076998187698,0.94344089260526809) (-0.80593669137195489,0.59200173099445108) (0.21131453483062451,-0.97741811287151692) (-0.80065185055318733,-0.59912988091544628) (-0.8469864004304537,0.53161455725540807) (-0.99987911815147368,-0.015548282369192701) (-0.54000016429768427,-0.8416649110890122) (-0.75149292479334351,0.65974114922865446) (0.96975473659288169,0.24408144307929391) (-0.1355358099606957,0.99077244825353239) (0.10806051855296189,0.99414431765718247)
 (1,-5.5511151231257827e-17) (0.47720225895757551,0.87879349340205493) (0.31291313194576081,-0.94978174959087047) (-0.99277774908920202,0.11996808289448441) (0.13816055301459051,-0.99040984526139664) (0.76937590342708972,0.63879630495624395) (0.92199703799365162,-0.38719692913417258) (-0.69549249235888566,-0.71853336253261468) (-0.35386080089920402,-0.93529809878293568) (-0.87048917196028286,-0.49218756739672109) (-0.091419823579006132,0.99581244009943137) (-0.95773500165146364,-0.28765198871496012) (-0.92995900695647571,-0.36766322277394992) (-0.86882506829680839,-0.49511917827836893) (0.65655817879076994,-0.75427538595856858) (-0.65641613472925719,-0.75439900455070985) (0.8768103165398704,-0.48083642625039585) (-0.52762045556745552,0.84948022629534525) (0.40701414049725126,0.91342185732293668) (0.26454336183279625,0.96437379148865432) (0.89263402968707539,0.45078208598458563) (0.99914287955956327,0.041394519267949403) (0.82820572331317288,0.56042419636495444) (0.44784308799494982,-0.89411216775925184) (0.43697580164148159,0.89947326184816945) (-0.46348084448676719,-0.88610693868958834) (-0.52873755720851845,0.84878536485802425) (-0.90443952637999314,0.42660185550643631) (0.9989637980039745,-0.045511869632816337) (-0.58797298649576946,0.8088805642066359) (-0.99911358354048529,0.042095690811414233)
 (1,0) (0.84532018525090258,-0.53426003444706538) (-0.84516759154978005,-0.53450139587651624) (-0.8618770240300796,-0.5071173389355309) (0.4604672548784709,0.88767669068455679) (-0.84456907259522673,-0.53544661882921529) (0.76937590342708972,0.63879630495624384) (-0.44730806431551784,-0.8943799503557226) (-0.86610175874681938,0.49986772599925555) (0.28633435791964501,-0.95812975920526777) (0.99474897406603868,-0.10234490018835481) (-0.036340617996367189,-0.99933946158632292) (-0.18738553632424737,-0.98228644537959253) (-0.77641010687401824,-0.63022801107525872) (-0.34873565858072797,0.93722112675412239) (0.88136888350372811,0.47242871546021753) (-0.61364285403287278,0.78958371797700533) (0.73775002521276167,0.67507399616528652) (-0.99995769954576319,0.0091977779460336445) (0.25254338639915269,0.96758557140236867) (-0.58732942733553595,-0.80934797447433704) (-0.99449805316232875,-0.10475505838067271) (-0.93336652103335638,0.35892469602144944) (0.70339738718546885,-0.71079681745253753) (0.64150604422719415,0.76711797998741904) (0.42576872372061858,0.90483202524077144) (0.0065195684585983293,0.9999787473877203) (0.58156712889965145,-0.81349841707492976) (0.16726074028956728,-0.98591269631635581) (0.96369435033434125,0.26700786343040905) (-0.37493292765058805,0.92705194016482084)
 (1,0) (0.83606147388299745,0.54863577343132763) (-0.99745771186841514,-0.071260880111222946) (-0.93900756492919046,-0.34389648588747362) (-0.96820101607100795,0.25017352473647075) (0.46046725487847096,0.88767669068455679) (0.13816055301459057,-0.99040984526139653) (0.97999969413426657,0.1989989937078705) (-0.60082019422536626,-0.79938419687343953) (-0.29340247058184737,-0.95598901157726135) (-0.72953180900116532,0.68394688365068812) (-0.61062790489384455,-0.79191764834795464) (0.80935632998303375,0.58731791315810866) (0.95246144056239157,-0.3046591607712052) (-0.99561673087505742,-0.093527136178037373) (-0.29017817732222756,-0.95697263566203949) (0.99176032213331056,-0.12810723415183445) (-0.0937515945193379,-0.99559561998086488) (-0.96882269628240247,0.24775508706804739) (-0.26842303273024964,-0.96330113438109066) (0.50469703635914787,-0.86329653161025377) (-0.15330787314028194,0.98817847377546331) (0.66687475653406691,0.74516981896587198) (-0.82063209678011417,0.57145687653074462) (-0.69161182535032795,0.72226939782576194) (-0.4442404641981833,0.89590759008336562) (0.924587837000173,-0.38096893793502695) (0.93254020418681027,-0.36106615401505404) (-0.71944581235005445,0.69454857504135137) (0.99835120845059477,0.057400911014012901) (0.38976086399921805,0.92091610307051519)
 (0.99999999999999989,0) (0.20392779721522475,0.97898593121808752) (0.41649363975010456,-0.90913862971920323) (-0.80020263367193711,-0.5997297266806908) (-0.93900756492919046,-0.34389648588747357) (-0.86187702403007971,-0.5071173389355309) (-0.99277774908920213,0.11996808289448452) (0.41751050613979912,-0.90867209556742146) (0.69364504037434804,0.72031698436457137) (0.93382659379008792,0.35772600231238788) (-0.84903211939932022,0.52834123464698401) (0.49930085802227053,0.86642867749066588) (0.70247110225875098,0.71171226664388521) (-0.96121012709418285,0.27581713429659394) (0.9936147279447487,-0.11282629308491821) (0.97418238734353813,0.22576243307876817) (-0.1298535820374796,-0.99153318009637803) (-0.9951705397931091,0.098161075421431099) (0.29611298831643479,0.9551529187257457) (0.2684428790890091,-0.96329560398997127) (-0.96282693234426042,0.27011904477941229) (-0.86552382421771779,-0.50086775670982964) (0.99463245176957871,0.10347118384766596) (0.18539620907246823,0.98266385181381244) (0.98723228627003357,0.15928720270644386) (-0.42267220123621596,-0.90628263268261544) (0.27328506010598114,0.96193309326733889) (0.03095604019165632,-0.99952074694608162) (-0.82666828324131747,-0.56268956759731514) (-0.093576939071471577,-0.99561205118962626) (-0.17063104749855029,0.98533499157877702)
 (0.99999999999999989,0) (0.70129348110002154,0.71287267682708455) (0.59915033775901394,-0.80063654223577507) (0.41649363975010456,-0.90913862971920301) (-0.99745771186841503,-0.071260880111223002) (-0.84516759154978005,-0.53450139587651613) (0.31291313194576093,-0.94978174959087036) (-0.92106109417141346,0.38941810538771576) (0.4464416373810649,-0.89481275382758896) (-0.94668185185646836,0.32216994174753144) (-0.44830839969004821,-0.89387895084700797) (0.78215698413801615,0.623081416962601) (-0.93794080541648572,-0.34679539433890111) (-0.77309508431420582,0.63429014702201636) (-0.79318912145825837,0.60897538341075474) (-0.85208126280712704,0.52340951612767894) (0.98385717727045241,-0.17895545460649787) (0.62249168931003351,0.78262640943169082) (0.63954316518086118,-0.76875518851611291) (-0.93926159579550117,0.34320206098403372) (-0.95479503219065598,0.29726494328131559) (0.75114085227007876,0.66014196961788396) (0.097344660399744168,0.99525073076670389) (0.9971627907203735,0.07527528679956344) (0.0099314763243513737,-0.99995068167286072) (0.041175531251704672,0.99915192820018117) (-0.98480127524932481,0.17368491087973995) (0.91027711360187524,-0.41399948846905388) (-0.41338244524667145,0.91055749624166116) (0.64411973066073624,-0.76492468424907056) (0.85172987255016208,-0.52398112962747512)
 (1,-1.3877787807814457e-17) (-0.99853035641715815,0.05419527021266192) (0.70129348110002154,0.71287267682708455) (0.20392779721522492,0.97898593121808741) (0.83606147388299734,0.54863577343132741) (0.84532018525090258,-0.53426003444706549) (0.47720225895757556,0.87879349340205482) (0.72379826154102644,0.69001164960469175) (0.34765562573753078,-0.93762229383320772) (-0.99856957546872005,-0.053467774857571523) (-0.90655969368275069,0.42207762531297244) (-0.083261475176544739,-0.99652773506381909) (0.6456027775285812,-0.76367339461800154) (0.39115097048842429,0.92032652807900928) (-0.33294961201615814,-0.94294461971967913) (0.36120524316021552,0.93248633894206134) (-0.23333817260840295,-0.97239564849076299) (0.001362713329137788,-0.99999907150576051) (0.74683459790668338,-0.66500983704721428) (-0.97934354163262938,0.20220343088696119) (-0.97987970746177855,0.19958897490748279) (-0.98799450898246188,0.15448899708556482) (0.68083363013075071,0.73243809846497232) (-0.82692501812103658,-0.56231220367827972) (0.83861832190091212,-0.54471947842178214) (-0.50705487173199404,0.86191377588065676) (-0.80968956139834947,0.58685842770002761) (-0.92169012751708113,-0.38792693749924911) (0.63757760215175718,-0.77038613774808806) (0.94942211623548134,-0.31400261973897636) (-0.82208083430215695,0.56937079471383989)


# name: N
# type: scalar
31


# name: argn
# type: sq_string
# elements: 1
# length: 1
x


# name: defect
# type: scalar
0


# name: info
# type: complex matrix
# rows: 1
# columns: 30
 (0,-1.8318679906315083e-15) (-3.3306690738754696e-16,-7.2164496600635175e-16) (-9.9920072216264089e-16,-1.6653345369377348e-16) (6.6613381477509392e-16,-3.3306690738754696e-16) (-4.4408920985006262e-16,1.2212453270876722e-15) (0,4.4408920985006262e-16) (-1.1102230246251565e-15,4.4408920985006262e-16) (1.3322676295501878e-15,6.6613381477509392e-16) (3.3306690738754696e-16,1.5543122344752192e-15) (4.4408920985006262e-16,7.6327832942979512e-16) (-1.6653345369377348e-15,-1.1657341758564144e-15) (9.9920072216264089e-16,1.0685896612017132e-15) (1.457167719820518e-16,-6.6613381477509392e-16) (1.1102230246251565e-16,1.4432899320127035e-15) (-4.9960036108132044e-16,0) (-1.1102230246251565e-15,2.7755575615628914e-16) (-4.9786563760534364e-16,-1.4432899320127035e-15) (-9.9920072216264089e-16,3.3306690738754696e-16) (7.6371201029878932e-16,5.5511151231257827e-16) (5.5511151231257827e-16,-7.7715611723760958e-16) (1.3322676295501878e-15,-1.1102230246251565e-16) (4.4408920985006262e-16,1.1102230246251565e-16) (-1.3322676295501878e-15,-9.9920072216264089e-16) (1.3877787807814457e-17,-4.4408920985006262e-16) (-4.4408920985006262e-16,-6.6613381477509392e-16) (-2.2204460492503131e-16,7.7715611723760958e-16) (-5.5511151231257827e-16,1.3322676295501878e-15) (3.3306690738754696e-16,1.1102230246251565e-15) (6.6613381477509392e-16,-1.1102230246251565e-16) (2.2204460492503131e-16,-4.7184478546569153e-16)


# name: is_convergent
# type: scalar
3.2346636503063935e-14


# name: is_unimodular
# type: matrix
# rows: 1
# columns: 31
 1.9929405617485128 1.992940561748513 1.9929405617485132 1.9929405617485123 1.9929405617485121 1.9929405617485128 1.9929405617485125 1.9929405617485128 1.9929405617485128 1.9929405617485125 1.9929405617485125 1.9929405617485132 1.9929405617485125 1.992940561748513 1.9929405617485123 1.992940561748513 1.9929405617485125 1.992940561748513 1.9929405617485132 1.992940561748513 1.9929405617485125 1.9929405617485128 1.9929405617485121 1.9929405617485128 1.9929405617485123 1.9929405617485128 1.9929405617485125 1.9929405617485128 1.9929405617485128 1.9929405617485128 1.9929405617485128


# name: spectrum
# type: scalar
5.567764362830018


# name: x
# type: complex matrix
# rows: 1
# columns: 31
 (1.6804190093844591,-1.0714495021053632) (1.789165527921823,-0.87789452462052797) (-1.8364547258759907,0.77410989043560163) (-1.7430896657396042,-0.96615242061191919) (0.79843952859326661,-1.8260083246913845) (1.7800810582637747,-0.89617158439274214) (1.2096226590613017,-1.5838639794338218) (1.9227387723974561,0.52429733528027878) (0.83373925893406808,1.810163233184938) (1.9917267898301874,0.069544786542296066) (-1.9532726843573835,-0.39564871187175338) (1.9775332371543768,-0.24733454795521465) (-0.19167767732577376,-1.9837015276188787) (-1.5023156694300877,-1.3095265220862486) (0.82448426319835644,-1.814397360668478) (-1.95378885180468,-0.39309185342134606) (-0.11862775338123492,-1.9894068308895989) (-1.9594406508648072,0.36387417935459326) (0.14096621914755111,1.9879488443422593) (1.2637204290239135,1.5410459953973128) (-1.4001657811601131,-1.418219964579108) (1.5212992165833743,1.2874240856397279) (-1.5760324346331573,-1.2198089389928068) (0.042298538392722705,-1.9924916351925588) (-1.3288265500004561,1.4852717201496706) (-0.52247792626523504,1.9232339689252727) (-1.2255402471013528,-1.5715798374238681) (1.8411836037894984,0.76279421851453044) (-1.2347571836107654,-1.5643486760259324) (-1.9749098714455795,-0.26747538639897778) (-1.9875844466196186,0.14601421238448539)


# name: x0
# type: complex matrix
# rows: 1
# columns: 31
 (1.6804190093844591,-1.0714495021053632) (1.789165527921823,-0.87789452462052797) (-1.8364547258759907,0.77410989043560163) (-1.7430896657396042,-0.96615242061191919) (0.79843952859326661,-1.8260083246913845) (1.7800810582637747,-0.89617158439274214) (1.2096226590613017,-1.5838639794338218) (1.9227387723974561,0.52429733528027878) (0.83373925893406808,1.810163233184938) (1.9917267898301874,0.069544786542296066) (-1.9532726843573835,-0.39564871187175338) (1.9775332371543768,-0.24733454795521465) (-0.19167767732577376,-1.9837015276188787) (-1.5023156694300877,-1.3095265220862486) (0.82448426319835644,-1.814397360668478) (-1.95378885180468,-0.39309185342134606) (-0.11862775338123492,-1.9894068308895989) (-1.9594406508648072,0.36387417935459326) (0.14096621914755111,1.9879488443422593) (1.2637204290239135,1.5410459953973128) (-1.4001657811601131,-1.418219964579108) (1.5212992165833743,1.2874240856397279) (-1.5760324346331573,-1.2198089389928068) (0.042298538392722705,-1.9924916351925588) (-1.3288265500004561,1.4852717201496706) (-0.52247792626523504,1.9232339689252727) (-1.2255402471013528,-1.5715798374238681) (1.8411836037894984,0.76279421851453044) (-1.2347571836107654,-1.5643486760259324) (-1.9749098714455795,-0.26747538639897778) (-1.9875844466196186,0.14601421238448539)


